-3.5		0		0		0		0
-3.49		1.6088e-06		9.34449e-06		3.55585e-05		0.000105661
-3.48		3.2215e-06		1.8709e-05		7.11828e-05		0.000211487
-3.47		4.31816e-06		2.48152e-05		9.44437e-05		0.000280686
-3.46		5.42511e-06		3.09735e-05		0.000117875		0.00035031
-3.45		6.54491e-06		3.71961e-05		0.000141517		0.000420459
-3.44		7.68013e-06		4.34956e-05		0.000165411		0.000491233
-3.43		8.83333e-06		4.98843e-05		0.000189596		0.000562729
-3.42		1.00071e-05		5.63746e-05		0.000214112		0.000635045
-3.41		1.1204e-05		6.29788e-05		0.000238998		0.000708277
-3.4		1.24266e-05		6.97095e-05		0.000264296		0.00078252
-3.39		1.36776e-05		7.65791e-05		0.000290043		0.00085787
-3.38		1.49596e-05		8.36003e-05		0.000316281		0.000934419
-3.37		1.62754e-05		9.07858e-05		0.000343048		0.00101226
-3.36		1.76276e-05		9.81484e-05		0.000370385		0.00109149
-3.35		1.9019e-05		0.000105701		0.000398332		0.00117221
-3.34		2.04526e-05		0.000113457		0.000426929		0.00125449
-3.33		2.19311e-05		0.000121429		0.000456218		0.00133845
-3.32		2.34575e-05		0.000129632		0.000486238		0.00142416
-3.31		2.50348e-05		0.000138078		0.000517032		0.00151172
-3.3		2.66661e-05		0.000146782		0.00054864		0.00160123
-3.29		2.83545e-05		0.000155757		0.000581107		0.00169278
-3.28		3.01033e-05		0.00016502		0.000614473		0.00178646
-3.27		3.19158e-05		0.000174583		0.000648783		0.00188236
-3.26		3.37953e-05		0.000184462		0.000684079		0.00198058
-3.25		3.57453e-05		0.000194674		0.000720407		0.00208122
-3.24		3.77695e-05		0.000205232		0.000757811		0.00218436
-3.23		3.98715e-05		0.000216154		0.000796337		0.0022901
-3.22		4.20551e-05		0.000227455		0.000836031		0.00239853
-3.21		4.43241e-05		0.000239153		0.00087694		0.00250975
-3.2		4.66827e-05		0.000251264		0.000919112		0.00262386
-3.19		4.91349e-05		0.000263807		0.000962594		0.00274095
-3.18		5.16851e-05		0.000276799		0.00100744		0.00286112
-3.17		5.43375e-05		0.000290258		0.00105369		0.00298446
-3.16		5.70967e-05		0.000304204		0.0011014		0.00311108
-3.15		5.99674e-05		0.000318656		0.00115063		0.00324106
-3.14		6.29544e-05		0.000333633		0.00120141		0.00337451
-3.13		6.60627e-05		0.000349156		0.00125382		0.00351153
-3.12		6.92973e-05		0.000365246		0.0013079		0.0036522
-3.11		7.26636e-05		0.000381924		0.0013637		0.00379664
-3.1		7.61669e-05		0.000399212		0.00142129		0.00394494
-3.09		7.9813e-05		0.000417132		0.00148071		0.0040972
-3.08		8.36075e-05		0.000435707		0.00154204		0.00425352
-3.07		8.75566e-05		0.000454961		0.00160531		0.004414
-3.06		9.16663e-05		0.000474917		0.00167061		0.00457874
-3.05		9.5943e-05		0.000495602		0.00173797		0.00474784
-3.04		0.000100393		0.000517039		0.00180748		0.0049214
-3.03		0.000105024		0.000539255		0.00187918		0.00509952
-3.02		0.000109842		0.000562276		0.00195314		0.0052823
-3.01		0.000114854		0.000586131		0.00202944		0.00546984
-3		0.000120068		0.000610845		0.00210812		0.00566224
-2.99		0.000125492		0.000636449		0.00218926		0.0058596
-2.98		0.000131134		0.000662972		0.00227292		0.00606202
-2.97		0.000137001		0.000690442		0.00235918		0.00626959
-2.96		0.000143102		0.000718892		0.0024481		0.00648242
-2.95		0.000149445		0.000748352		0.00253975		0.0067006
-2.94		0.00015604		0.000778855		0.0026342		0.00692423
-2.93		0.000162896		0.000810433		0.00273153		0.00715341
-2.92		0.000170022		0.00084312		0.0028318		0.00738823
-2.91		0.000177427		0.000876951		0.00293509		0.00762878
-2.9		0.000185123		0.00091196		0.00304147		0.00787516
-2.89		0.000193119		0.000948184		0.00315103		0.00812747
-2.88		0.000201425		0.000985659		0.00326383		0.00838578
-2.87		0.000210054		0.00102442		0.00337994		0.0086502
-2.86		0.000219015		0.00106451		0.00349946		0.00892081
-2.85		0.000228321		0.00110597		0.00362246		0.00919769
-2.84		0.000237983		0.00114883		0.00374901		0.00948093
-2.83		0.000248014		0.00119314		0.00387919		0.00977062
-2.82		0.000258426		0.00123894		0.00401309		0.0100668
-2.81		0.000269233		0.00128627		0.00415078		0.0103696
-2.8		0.000280447		0.00133517		0.00429235		0.0106791
-2.79		0.000292082		0.00138569		0.00443788		0.0109954
-2.78		0.000304152		0.00143787		0.00458745		0.0113184
-2.77		0.000316672		0.00149177		0.00474114		0.0116484
-2.76		0.000329657		0.00154742		0.00489904		0.0119853
-2.75		0.000343121		0.00160487		0.00506122		0.0123292
-2.74		0.000357081		0.00166417		0.00522778		0.0126802
-2.73		0.000371551		0.00172537		0.0053988		0.0130383
-2.72		0.00038655		0.00178853		0.00557435		0.0134036
-2.71		0.000402093		0.00185368		0.00575452		0.0137762
-2.7		0.000418199		0.00192089		0.0059394		0.014156
-2.69		0.000434884		0.00199021		0.00612908		0.0145431
-2.68		0.000452167		0.00206169		0.00632362		0.0149376
-2.67		0.000470066		0.00213538		0.00652313		0.0153394
-2.66		0.000488602		0.00221134		0.00672767		0.0157487
-2.65		0.000507793		0.00228962		0.00693734		0.0161654
-2.64		0.000527659		0.00237028		0.00715222		0.0165895
-2.63		0.000548221		0.00245339		0.00737238		0.0170211
-2.62		0.0005695		0.00253899		0.00759791		0.0174601
-2.61		0.000591518		0.00262715		0.00782889		0.0179066
-2.6		0.000614296		0.00271793		0.0080654		0.0183606
-2.59		0.000637858		0.00281138		0.00830752		0.018822
-2.58		0.000662226		0.00290757		0.00855532		0.0192908
-2.57		0.000687423		0.00300657		0.00880888		0.019767
-2.56		0.000713475		0.00310843		0.00906828		0.0202506
-2.55		0.000740406		0.00321321		0.0093336		0.0207415
-2.54		0.000768241		0.00332099		0.00960489		0.0212397
-2.53		0.000797005		0.00343182		0.00988225		0.0217452
-2.52		0.000826725		0.00354578		0.0101657		0.0222578
-2.51		0.000857428		0.00366292		0.0104554		0.0227775
-2.5		0.000889142		0.00378332		0.0107513		0.0233042
-2.49		0.000921894		0.00390704		0.0110536		0.0238379
-2.48		0.000955713		0.00403415		0.0113622		0.0243785
-2.47		0.000990628		0.00416471		0.0116773		0.0249258
-2.46		0.00102667		0.0042988		0.0119989		0.0254797
-2.45		0.00106387		0.00443649		0.012327		0.0260402
-2.44		0.00110225		0.00457784		0.0126618		0.0266072
-2.43		0.00114185		0.00472293		0.0130032		0.0271803
-2.42		0.00118271		0.00487182		0.0133513		0.0277597
-2.41		0.00122484		0.00502459		0.0137062		0.028345
-2.4		0.0012683		0.0051813		0.0140678		0.0289361
-2.39		0.0013131		0.00534203		0.0144363		0.0295329
-2.38		0.00135929		0.00550684		0.0148117		0.0301351
-2.37		0.0014069		0.00567581		0.0151939		0.0307426
-2.36		0.00145597		0.00584901		0.015583		0.0313552
-2.35		0.00150653		0.00602651		0.0159791		0.0319727
-2.34		0.00155861		0.00620838		0.0163821		0.0325948
-2.33		0.00161227		0.00639469		0.0167922		0.0332214
-2.32		0.00166753		0.00658551		0.0172091		0.0338521
-2.31		0.00172443		0.00678092		0.0176331		0.0344867
-2.3		0.00178302		0.00698097		0.0180641		0.035125
-2.29		0.00184332		0.00718575		0.018502		0.0357667
-2.28		0.0019054		0.00739532		0.0189469		0.0364115
-2.27		0.00196927		0.00760975		0.0193988		0.0370591
-2.26		0.00203499		0.00782911		0.0198576		0.0377092
-2.25		0.0021026		0.00805346		0.0203233		0.0383615
-2.24		0.00217214		0.00828287		0.020796		0.0390157
-2.23		0.00224366		0.00851741		0.0212754		0.0396715
-2.22		0.00231719		0.00875715		0.0217617		0.0403284
-2.21		0.00239279		0.00900214		0.0222547		0.0409861
-2.2		0.0024705		0.00925246		0.0227544		0.0416443
-2.19		0.00255035		0.00950816		0.0232608		0.0423026
-2.18		0.00263241		0.0097693		0.0237737		0.0429606
-2.17		0.00271672		0.0100359		0.0242932		0.0436179
-2.16		0.00280331		0.0103082		0.0248191		0.044274
-2.15		0.00289225		0.010586		0.0253513		0.0449287
-2.14		0.00298358		0.0108695		0.0258897		0.0455813
-2.13		0.00307735		0.0111587		0.0264343		0.0462316
-2.12		0.0031736		0.0114537		0.026985		0.046879
-2.11		0.00327238		0.0117546		0.0275415		0.0475231
-2.1		0.00337376		0.0120613		0.0281039		0.0481635
-2.09		0.00347777		0.012374		0.0286719		0.0487995
-2.08		0.00358446		0.0126926		0.0292454		0.0494309
-2.07		0.0036939		0.0130173		0.0298244		0.050057
-2.06		0.00380612		0.013348		0.0304085		0.0506774
-2.05		0.00392119		0.0136848		0.0309977		0.0512915
-2.04		0.00403914		0.0140277		0.0315919		0.0518989
-2.03		0.00416005		0.0143768		0.0321907		0.0524989
-2.02		0.00428395		0.0147321		0.0327941		0.0530912
-2.01		0.0044109		0.0150936		0.0334019		0.0536751
-2		0.00454095		0.0154613		0.0340137		0.05425
-1.99		0.00467417		0.0158354		0.0346295		0.0548156
-1.98		0.00481059		0.0162157		0.035249		0.0553711
-1.97		0.00495028		0.0166023		0.035872		0.055916
-1.96		0.00509328		0.0169952		0.0364983		0.0564497
-1.95		0.00523966		0.0173944		0.0371275		0.0569717
-1.94		0.00538946		0.0178		0.0377595		0.0574815
-1.93		0.00554274		0.0182119		0.038394		0.0579783
-1.92		0.00569956		0.0186302		0.0390307		0.0584617
-1.91		0.00585996		0.0190548		0.0396694		0.0589311
-1.9		0.006024		0.0194856		0.0403096		0.0593858
-1.89		0.00619174		0.0199228		0.0409513		0.0598253
-1.88		0.00636323		0.0203663		0.041594		0.0602489
-1.87		0.00653852		0.020816		0.0422374		0.0606562
-1.86		0.00671766		0.021272		0.0428813		0.0610465
-1.85		0.00690071		0.0217342		0.0435252		0.0614192
-1.84		0.00708772		0.0222026		0.0441689		0.0617737
-1.83		0.00727875		0.0226771		0.044812		0.0621095
-1.82		0.00747384		0.0231576		0.0454541		0.062426
-1.81		0.00767304		0.0236443		0.046095		0.0627225
-1.8		0.00787642		0.0241369		0.0467341		0.0629986
-1.79		0.00808401		0.0246355		0.0473712		0.0632537
-1.78		0.00829587		0.0251399		0.0480058		0.0634871
-1.77		0.00851205		0.0256501		0.0486376		0.0636984
-1.76		0.0087326		0.0261661		0.0492662		0.0638869
-1.75		0.00895757		0.0266877		0.0498911		0.0640522
-1.74		0.009187		0.0272148		0.0505119		0.0641938
-1.73		0.00942093		0.0277475		0.0511283		0.064311
-1.72		0.00965943		0.0282855		0.0517398		0.0644034
-1.71		0.00990253		0.0288288		0.0523459		0.0644704
-1.7		0.0101503		0.0293772		0.0529462		0.0645117
-1.69		0.0104027		0.0299308		0.0535403		0.0645266
-1.68		0.0106599		0.0304892		0.0541278		0.0645148
-1.67		0.0109218		0.0310525		0.0547081		0.0644758
-1.66		0.0111886		0.0316205		0.0552808		0.0644092
-1.65		0.0114602		0.032193		0.0558454		0.0643144
-1.64		0.0117367		0.03277		0.0564015		0.0641912
-1.63		0.0120181		0.0333512		0.0569486		0.0640392
-1.62		0.0123045		0.0339365		0.0574862		0.0638579
-1.61		0.0125959		0.0345258		0.0580139		0.063647
-1.6		0.0128924		0.0351188		0.0585311		0.0634062
-1.59		0.0131939		0.0357155		0.0590373		0.0631351
-1.58		0.0135005		0.0363156		0.0595322		0.0628335
-1.57		0.0138122		0.036919		0.0600151		0.0625011
-1.56		0.014129		0.0375254		0.0604855		0.0621377
-1.55		0.0144511		0.0381347		0.0609431		0.061743
-1.54		0.0147783		0.0387466		0.0613873		0.0613168
-1.53		0.0151108		0.0393611		0.0618175		0.0608589
-1.52		0.0154485		0.0399777		0.0622334		0.0603692
-1.51		0.0157914		0.0405964		0.0626343		0.0598475
-1.5		0.0161396		0.0412168		0.0630199		0.0592938
-1.49		0.0164932		0.0418389		0.0633896		0.0587079
-1.48		0.016852		0.0424622		0.0637429		0.0580899
-1.47		0.0172161		0.0430866		0.0640793		0.0574396
-1.46		0.0175855		0.0437119		0.0643984		0.0567572
-1.45		0.0179603		0.0443377		0.0646997		0.0560426
-1.44		0.0183404		0.0449638		0.0649827		0.0552958
-1.43		0.0187258		0.0455899		0.0652468		0.054517
-1.42		0.0191166		0.0462158		0.0654917		0.0537064
-1.41		0.0195127		0.0468412		0.0657169		0.052864
-1.4		0.0199141		0.0474658		0.0659219		0.05199
-1.39		0.0203208		0.0480893		0.0661063		0.0510847
-1.38		0.0207328		0.0487114		0.0662696		0.0501483
-1.37		0.0211501		0.0493318		0.0664114		0.049181
-1.36		0.0215727		0.0499501		0.0665313		0.0481833
-1.35		0.0220006		0.0505662		0.0666287		0.0471554
-1.34		0.0224336		0.0511797		0.0667034		0.0460977
-1.33		0.0228719		0.0517902		0.066755		0.0450106
-1.32		0.0233154		0.0523974		0.0667829		0.0438946
-1.31		0.023764		0.053001		0.0667869		0.0427501
-1.3		0.0242177		0.0536007		0.0667666		0.0415776
-1.29		0.0246766		0.0541961		0.0667216		0.0403777
-1.28		0.0251404		0.0547869		0.0666516		0.039151
-1.27		0.0256093		0.0553728		0.0665562		0.037898
-1.26		0.0260832		0.0559533		0.0664352		0.0366193
-1.25		0.0265619		0.0565281		0.0662881		0.0353158
-1.24		0.0270456		0.0570969		0.0661148		0.033988
-1.23		0.027534		0.0576593		0.0659149		0.0326367
-1.22		0.0280272		0.058215		0.0656882		0.0312627
-1.21		0.0285251		0.0587636		0.0654344		0.0298667
-1.2		0.0290277		0.0593047		0.0651533		0.0284496
-1.19		0.0295348		0.0598379		0.0648447		0.0270122
-1.18		0.0300464		0.060363		0.0645085		0.0255555
-1.17		0.0305625		0.0608794		0.0641443		0.0240803
-1.16		0.0310829		0.0613869		0.0637521		0.0225876
-1.15		0.0316076		0.061885		0.0633317		0.0210783
-1.14		0.0321365		0.0623734		0.0628831		0.0195536
-1.13		0.0326695		0.0628517		0.062406		0.0180143
-1.12		0.0332065		0.0633196		0.0619004		0.0164616
-1.11		0.0337475		0.0637766		0.0613663		0.0148965
-1.1		0.0342923		0.0642224		0.0608036		0.0133202
-1.09		0.0348409		0.0646566		0.0602123		0.0117337
-1.08		0.0353931		0.0650788		0.0595924		0.0101383
-1.07		0.0359488		0.0654886		0.0589439		0.00853503
-1.06		0.036508		0.0658858		0.0582669		0.00692518
-1.05		0.0370705		0.0662698		0.0575614		0.00530994
-1.04		0.0376362		0.0666404		0.0568275		0.00369054
-1.03		0.038205		0.0669971		0.0560654		0.00206823
-1.02		0.0387768		0.0673397		0.0552751		0.000444287
-1.01		0.0393515		0.0676676		0.0544568		-0.00118001
-1		0.0399289		0.0679807		0.0536108		-0.00280336
-0.99		0.0405088		0.0682785		0.0527371		-0.00442446
-0.98		0.0410913		0.0685606		0.0518361		-0.00604198
-0.97		0.0416761		0.0688268		0.050908		-0.00765459
-0.96		0.042263		0.0690766		0.0499531		-0.00926095
-0.95		0.0428521		0.0693098		0.0489716		-0.0108597
-0.94		0.043443		0.069526		0.047964		-0.0124495
-0.93		0.0440357		0.0697248		0.0469305		-0.014029
-0.92		0.04463		0.069906		0.0458714		-0.0155967
-0.91		0.0452258		0.0700693		0.0447874		-0.0171515
-0.9		0.0458229		0.0702143		0.0436786		-0.0186918
-0.89		0.0464212		0.0703406		0.0425456		-0.0202163
-0.88		0.0470205		0.0704482		0.0413889		-0.0217237
-0.87		0.0476205		0.0705365		0.0402089		-0.0232126
-0.86		0.0482213		0.0706054		0.0390062		-0.0246816
-0.85		0.0488226		0.0706545		0.0377812		-0.0261294
-0.84		0.0494242		0.0706837		0.0365347		-0.0275547
-0.83		0.0500259		0.0706926		0.035267		-0.0289561
-0.82		0.0506277		0.070681		0.0339789		-0.0303323
-0.81		0.0512292		0.0706486		0.032671		-0.031682
-0.8		0.0518304		0.0705953		0.0313439		-0.0330039
-0.79		0.0524311		0.0705208		0.0299983		-0.0342968
-0.78		0.053031		0.0704248		0.0286349		-0.0355594
-0.77		0.05363		0.0703072		0.0272545		-0.0367904
-0.76		0.0542279		0.0701678		0.0258576		-0.0379887
-0.75		0.0548246		0.0700064		0.0244452		-0.0391531
-0.74		0.0554198		0.0698229		0.0230179		-0.0402823
-0.73		0.0560133		0.069617		0.0215766		-0.0413753
-0.72		0.0566049		0.0693887		0.0201221		-0.042431
-0.71		0.0571946		0.0691377		0.0186552		-0.0434483
-0.7		0.057782		0.068864		0.0171767		-0.044426
-0.69		0.0583669		0.0685674		0.0156876		-0.0453633
-0.68		0.0589493		0.0682479		0.0141887		-0.0462591
-0.67		0.0595288		0.0679054		0.0126808		-0.0471124
-0.66		0.0601053		0.0675397		0.011165		-0.0479224
-0.65		0.0606786		0.0671508		0.0096421		-0.0486881
-0.64		0.0612485		0.0667387		0.00811307		-0.0494088
-0.63		0.0618148		0.0663034		0.00657886		-0.0500836
-0.62		0.0623773		0.0658447		0.00504043		-0.0507117
-0.61		0.0629358		0.0653627		0.00349876		-0.0512925
-0.6		0.06349		0.0648574		0.00195482		-0.0518252
-0.59		0.0640399		0.0643288		0.000409615		-0.0523093
-0.58		0.0645852		0.063777		-0.00113586		-0.0527442
-0.57		0.0651257		0.0632019		-0.00268059		-0.0531292
-0.56		0.0656612		0.0626036		-0.00422356		-0.053464
-0.55		0.0661914		0.0619823		-0.00576374		-0.053748
-0.54		0.0667164		0.0613379		-0.00730012		-0.053981
-0.53		0.0672357		0.0606707		-0.00883165		-0.0541624
-0.52		0.0677492		0.0599806		-0.0103573		-0.0542922
-0.51		0.0682568		0.0592679		-0.011876		-0.0543699
-0.5		0.0687582		0.0585326		-0.0133868		-0.0543954
-0.49		0.0692533		0.057775		-0.0148886		-0.0543686
-0.48		0.0697418		0.0569951		-0.0163804		-0.0542893
-0.47		0.0702236		0.0561933		-0.017861		-0.0541576
-0.46		0.0706984		0.0553696		-0.0193296		-0.0539735
-0.45		0.0711662		0.0545243		-0.020785		-0.053737
-0.44		0.0716267		0.0536576		-0.0222262		-0.0534483
-0.43		0.0720797		0.0527697		-0.0236522		-0.0531075
-0.42		0.072525		0.051861		-0.025062		-0.0527149
-0.41		0.0729625		0.0509316		-0.0264546		-0.0522708
-0.4		0.0733921		0.0499819		-0.027829		-0.0517754
-0.39		0.0738134		0.0490122		-0.0291841		-0.0512293
-0.38		0.0742265		0.0480227		-0.030519		-0.0506329
-0.37		0.074631		0.0470137		-0.0318327		-0.0499866
-0.36		0.0750268		0.0459857		-0.0331242		-0.049291
-0.35		0.0754138		0.044939		-0.0343926		-0.0485468
-0.34		0.0757919		0.0438738		-0.0356371		-0.0477545
-0.33		0.0761608		0.0427907		-0.0368565		-0.046915
-0.32		0.0765203		0.0416899		-0.0380501		-0.0460289
-0.31		0.0768705		0.0405719		-0.0392169		-0.0450971
-0.3		0.077211		0.0394371		-0.0403561		-0.0441205
-0.29		0.0775419		0.0382859		-0.0414669		-0.0431
-0.28		0.0778628		0.0371187		-0.0425483		-0.0420364
-0.27		0.0781738		0.035936		-0.0435995		-0.040931
-0.26		0.0784746		0.0347382		-0.0446199		-0.0397846
-0.25		0.0787652		0.0335258		-0.0456085		-0.0385984
-0.24		0.0790454		0.0322992		-0.0465647		-0.0373736
-0.23		0.079315		0.031059		-0.0474878		-0.0361113
-0.22		0.0795741		0.0298057		-0.0483769		-0.0348127
-0.21		0.0798224		0.0285397		-0.0492315		-0.0334792
-0.2		0.08006		0.0272615		-0.0500508		-0.0321121
-0.19		0.0802865		0.0259717		-0.0508343		-0.0307126
-0.18		0.0805021		0.0246708		-0.0515814		-0.0292822
-0.17		0.0807065		0.0233594		-0.0522914		-0.0278223
-0.16		0.0808998		0.022038		-0.0529638		-0.0263343
-0.15		0.0810817		0.0207071		-0.0535982		-0.0248197
-0.14		0.0812523		0.0193672		-0.054194		-0.0232801
-0.13		0.0814114		0.0180191		-0.0547507		-0.021717
-0.12		0.0815591		0.0166632		-0.0552679		-0.0201319
-0.11		0.0816951		0.0153001		-0.0557453		-0.0185264
-0.1		0.0818195		0.0139303		-0.0561824		-0.0169022
-0.09		0.0819323		0.0125546		-0.0565789		-0.0152609
-0.08		0.0820332		0.0111734		-0.0569345		-0.0136041
-0.07		0.0821225		0.00978732		-0.0572489		-0.0119335
-0.06		0.0821999		0.00839703		-0.0575219		-0.0102509
-0.05		0.0822654		0.0070031		-0.0577533		-0.0085578
-0.04		0.0823191		0.00560613		-0.0579428		-0.00685606
-0.03		0.0823609		0.00420672		-0.0580904		-0.00514737
-0.02		0.0823907		0.00280549		-0.0581959		-0.00343346
-0.01		0.0824086		0.00140303		-0.0582592		-0.00171607
0		0.0824146		-2.97911e-08		-0.0582803		3.06805e-06
0.01		0.0824086		-0.00140309		-0.0582592		0.0017222
0.02		0.0823907		-0.00280555		-0.0581959		0.00343959
0.03		0.0823609		-0.00420678		-0.0580904		0.00515348
0.04		0.0823191		-0.00560619		-0.0579428		0.00686215
0.05		0.0822654		-0.00700316		-0.0577532		0.00856386
0.06		0.0821999		-0.00839709		-0.0575218		0.0102569
0.07		0.0821225		-0.00978738		-0.0572488		0.0119395
0.08		0.0820332		-0.0111734		-0.0569343		0.01361
0.09		0.0819323		-0.0125546		-0.0565787		0.0152668
0.1		0.0818195		-0.0139304		-0.0561822		0.016908
0.11		0.0816951		-0.0153001		-0.0557451		0.0185322
0.12		0.0815591		-0.0166632		-0.0552677		0.0201376
0.13		0.0814114		-0.0180192		-0.0547504		0.0217226
0.14		0.0812523		-0.0193673		-0.0541937		0.0232857
0.15		0.0810817		-0.0207071		-0.0535979		0.0248252
0.16		0.0808998		-0.022038		-0.0529635		0.0263396
0.17		0.0807065		-0.0233595		-0.0522911		0.0278275
0.18		0.0805021		-0.0246709		-0.051581		0.0292873
0.19		0.0802865		-0.0259718		-0.0508339		0.0307176
0.2		0.08006		-0.0272616		-0.0500504		0.032117
0.21		0.0798224		-0.0285397		-0.0492311		0.033484
0.22		0.0795741		-0.0298057		-0.0483765		0.0348174
0.23		0.079315		-0.0310591		-0.0474873		0.0361158
0.24		0.0790453		-0.0322993		-0.0465643		0.037378
0.25		0.0787652		-0.0335258		-0.0456081		0.0386027
0.26		0.0784746		-0.0347382		-0.0446194		0.0397887
0.27		0.0781738		-0.035936		-0.043599		0.040935
0.28		0.0778628		-0.0371187		-0.0425477		0.0420403
0.29		0.0775419		-0.0382859		-0.0414663		0.0431037
0.3		0.077211		-0.0394371		-0.0403556		0.0441241
0.31		0.0768705		-0.040572		-0.0392164		0.0451005
0.32		0.0765203		-0.04169		-0.0380495		0.0460321
0.33		0.0761608		-0.0427907		-0.0368559		0.046918
0.34		0.0757919		-0.0438739		-0.0356364		0.0477574
0.35		0.0754138		-0.044939		-0.034392		0.0485495
0.36		0.0750268		-0.0459858		-0.0331236		0.0492935
0.37		0.074631		-0.0470138		-0.031832		0.0499889
0.38		0.0742265		-0.0480227		-0.0305183		0.050635
0.39		0.0738134		-0.0490122		-0.0291834		0.0512313
0.4		0.0733921		-0.049982		-0.0278283		0.0517773
0.41		0.0729625		-0.0509317		-0.0264539		0.0522724
0.42		0.072525		-0.051861		-0.0250613		0.0527163
0.43		0.0720797		-0.0527698		-0.0236515		0.0531087
0.44		0.0716266		-0.0536576		-0.0222255		0.0534493
0.45		0.0711662		-0.0545243		-0.0207843		0.0537379
0.46		0.0706984		-0.0553696		-0.0193289		0.0539742
0.47		0.0702236		-0.0561933		-0.0178603		0.0541581
0.48		0.0697418		-0.0569952		-0.0163796		0.0542896
0.49		0.0692533		-0.057775		-0.0148879		0.0543687
0.5		0.0687582		-0.0585326		-0.0133861		0.0543953
0.51		0.0682568		-0.0592679		-0.0118753		0.0543696
0.52		0.0677492		-0.0599806		-0.0103565		0.0542917
0.53		0.0672357		-0.0606707		-0.00883089		0.0541618
0.54		0.0667163		-0.061338		-0.00729935		0.0539801
0.55		0.0661914		-0.0619823		-0.00576297		0.053747
0.56		0.0656612		-0.0626037		-0.00422278		0.0534627
0.57		0.0651257		-0.0632019		-0.00267981		0.0531278
0.58		0.0645852		-0.063777		-0.00113508		0.0527425
0.59		0.0640399		-0.0643288		0.000410394		0.0523075
0.6		0.06349		-0.0648574		0.0019556		0.0518232
0.61		0.0629358		-0.0653627		0.00349954		0.0512903
0.62		0.0623773		-0.0658447		0.00504121		0.0507093
0.63		0.0618148		-0.0663034		0.00657964		0.050081
0.64		0.0612485		-0.0667388		0.00811385		0.0494061
0.65		0.0606786		-0.0671509		0.00964287		0.0486852
0.66		0.0601053		-0.0675397		0.0111658		0.0479193
0.67		0.0595288		-0.0679054		0.0126816		0.0471092
0.68		0.0589493		-0.0682479		0.0141894		0.0462557
0.69		0.0583669		-0.0685675		0.0156884		0.0453597
0.7		0.057782		-0.068864		0.0171775		0.0444223
0.71		0.0571946		-0.0691377		0.0186559		0.0434444
0.72		0.0566049		-0.0693887		0.0201228		0.042427
0.73		0.0560133		-0.069617		0.0215773		0.0413712
0.74		0.0554198		-0.0698229		0.0230186		0.040278
0.75		0.0548246		-0.0700065		0.0244459		0.0391486
0.76		0.0542279		-0.0701678		0.0258583		0.0379841
0.77		0.05363		-0.0703072		0.0272552		0.0367857
0.78		0.053031		-0.0704248		0.0286356		0.0355545
0.79		0.0524311		-0.0705207		0.029999		0.0342918
0.8		0.0518304		-0.0705953		0.0313446		0.0329988
0.81		0.0512292		-0.0706486		0.0326717		0.0316767
0.82		0.0506277		-0.070681		0.0339796		0.0303269
0.83		0.0500259		-0.0706926		0.0352677		0.0289506
0.84		0.0494242		-0.0706837		0.0365353		0.0275491
0.85		0.0488226		-0.0706545		0.0377819		0.0261238
0.86		0.0482213		-0.0706054		0.0390068		0.0246759
0.87		0.0476205		-0.0705365		0.0402095		0.0232068
0.88		0.0470205		-0.0704481		0.0413895		0.0217178
0.89		0.0464212		-0.0703406		0.0425462		0.0202104
0.9		0.0458229		-0.0702142		0.0436792		0.0186858
0.91		0.0452258		-0.0700693		0.0447879		0.0171454
0.92		0.04463		-0.069906		0.045872		0.0155906
0.93		0.0440357		-0.0697248		0.046931		0.0140227
0.94		0.043443		-0.069526		0.0479645		0.0124432
0.95		0.0428521		-0.0693098		0.0489721		0.0108534
0.96		0.042263		-0.0690766		0.0499536		0.00925458
0.97		0.041676		-0.0688267		0.0509085		0.00764819
0.98		0.0410913		-0.0685606		0.0518366		0.00603555
0.99		0.0405088		-0.0682784		0.0527376		0.00441801
1		0.0399289		-0.0679807		0.0536112		0.00279689
1.01		0.0393515		-0.0676676		0.0544573		0.00117352
1.02		0.0387768		-0.0673396		0.0552755		-0.000450784
1.03		0.038205		-0.0669971		0.0560658		-0.00207473
1.04		0.0376362		-0.0666404		0.0568279		-0.00369704
1.05		0.0370705		-0.0662698		0.0575618		-0.00531643
1.06		0.036508		-0.0658857		0.0582672		-0.00693166
1.07		0.0359488		-0.0654886		0.0589443		-0.0085415
1.08		0.0353931		-0.0650788		0.0595927		-0.0101447
1.09		0.0348409		-0.0646565		0.0602126		-0.0117401
1.1		0.0342923		-0.0642224		0.0608039		-0.0133266
1.11		0.0337475		-0.0637766		0.0613666		-0.0149029
1.12		0.0332065		-0.0633196		0.0619007		-0.0164679
1.13		0.0326695		-0.0628517		0.0624062		-0.0180206
1.14		0.0321365		-0.0623734		0.0628833		-0.0195598
1.15		0.0316076		-0.061885		0.0633319		-0.0210845
1.16		0.0310829		-0.0613868		0.0637523		-0.0225937
1.17		0.0305625		-0.0608794		0.0641445		-0.0240863
1.18		0.0300464		-0.0603629		0.0645086		-0.0255614
1.19		0.0295348		-0.0598379		0.0648448		-0.0270181
1.2		0.0290277		-0.0593046		0.0651534		-0.0284554
1.21		0.0285251		-0.0587635		0.0654345		-0.0298724
1.22		0.0280272		-0.058215		0.0656882		-0.0312683
1.23		0.027534		-0.0576593		0.0659149		-0.0326423
1.24		0.0270456		-0.0570969		0.0661148		-0.0339935
1.25		0.0265619		-0.056528		0.0662881		-0.0353212
1.26		0.0260832		-0.0559532		0.0664351		-0.0366246
1.27		0.0256093		-0.0553727		0.0665562		-0.0379031
1.28		0.0251404		-0.0547869		0.0666516		-0.039156
1.29		0.0246766		-0.0541961		0.0667216		-0.0403826
1.3		0.0242177		-0.0536007		0.0667665		-0.0415824
1.31		0.023764		-0.053001		0.0667868		-0.0427548
1.32		0.0233154		-0.0523974		0.0667828		-0.0438992
1.33		0.0228719		-0.0517901		0.0667548		-0.0450151
1.34		0.0224336		-0.0511796		0.0667033		-0.046102
1.35		0.0220006		-0.0505662		0.0666286		-0.0471596
1.36		0.0215727		-0.0499501		0.0665311		-0.0481874
1.37		0.0211501		-0.0493317		0.0664112		-0.049185
1.38		0.0207328		-0.0487113		0.0662694		-0.0501521
1.39		0.0203208		-0.0480892		0.0661061		-0.0510884
1.4		0.0199141		-0.0474657		0.0659217		-0.0519935
1.41		0.0195127		-0.0468411		0.0657166		-0.0528674
1.42		0.0191166		-0.0462158		0.0654914		-0.0537096
1.43		0.0187258		-0.0455899		0.0652465		-0.0545201
1.44		0.0183404		-0.0449637		0.0649823		-0.0552988
1.45		0.0179603		-0.0443376		0.0646993		-0.0560454
1.46		0.0175855		-0.0437118		0.0643981		-0.0567598
1.47		0.0172161		-0.0430866		0.0640789		-0.0574421
1.48		0.016852		-0.0424621		0.0637425		-0.0580922
1.49		0.0164932		-0.0418388		0.0633892		-0.0587101
1.5		0.0161396		-0.0412168		0.0630195		-0.0592958
1.51		0.0157914		-0.0405963		0.0626339		-0.0598494
1.52		0.0154485		-0.0399776		0.0622329		-0.0603709
1.53		0.0151108		-0.039361		0.061817		-0.0608604
1.54		0.0147783		-0.0387466		0.0613868		-0.0613181
1.55		0.0144511		-0.0381346		0.0609426		-0.0617442
1.56		0.014129		-0.0375253		0.060485		-0.0621388
1.57		0.0138122		-0.0369189		0.0600145		-0.062502
1.58		0.0135005		-0.0363155		0.0595316		-0.0628343
1.59		0.0131939		-0.0357154		0.0590368		-0.0631357
1.6		0.0128924		-0.0351187		0.0585305		-0.0634066
1.61		0.0125959		-0.0345257		0.0580133		-0.0636472
1.62		0.0123045		-0.0339364		0.0574856		-0.0638579
1.63		0.0120181		-0.0333511		0.056948		-0.0640391
1.64		0.0117367		-0.0327699		0.0564009		-0.064191
1.65		0.0114602		-0.0321929		0.0558447		-0.064314
1.66		0.0111886		-0.0316204		0.0552801		-0.0644086
1.67		0.0109218		-0.0310524		0.0547074		-0.0644751
1.68		0.0106599		-0.0304891		0.0541271		-0.0645139
1.69		0.0104027		-0.0299307		0.0535396		-0.0645256
1.7		0.0101503		-0.0293771		0.0529455		-0.0645104
1.71		0.00990252		-0.0288287		0.0523451		-0.064469
1.72		0.00965943		-0.0282854		0.051739		-0.0644018
1.73		0.00942093		-0.0277474		0.0511275		-0.0643092
1.74		0.00918699		-0.0272147		0.0505111		-0.0641919
1.75		0.00895756		-0.0266876		0.0498903		-0.0640502
1.76		0.0087326		-0.026166		0.0492653		-0.0638847
1.77		0.00851205		-0.02565		0.0486368		-0.063696
1.78		0.00829587		-0.0251398		0.048005		-0.0634846
1.79		0.008084		-0.0246354		0.0473703		-0.063251
1.8		0.00787641		-0.0241368		0.0467332		-0.0629958
1.81		0.00767303		-0.0236442		0.0460941		-0.0627196
1.82		0.00747383		-0.0231575		0.0454532		-0.0624228
1.83		0.00727874		-0.0226769		0.0448111		-0.0621062
1.84		0.00708771		-0.0222025		0.044168		-0.0617703
1.85		0.0069007		-0.0217341		0.0435243		-0.0614156
1.86		0.00671765		-0.0212719		0.0428803		-0.0610427
1.87		0.00653851		-0.0208159		0.0422364		-0.0606523
1.88		0.00636322		-0.0203662		0.041593		-0.0602449
1.89		0.00619173		-0.0199227		0.0409503		-0.0598211
1.9		0.00602399		-0.0194855		0.0403086		-0.0593814
1.91		0.00585995		-0.0190546		0.0396683		-0.0589266
1.92		0.00569955		-0.0186301		0.0390297		-0.0584571
1.93		0.00554273		-0.0182118		0.0383929		-0.0579736
1.94		0.00538945		-0.0177999		0.0377584		-0.0574766
1.95		0.00523965		-0.0173943		0.0371264		-0.0569667
1.96		0.00509327		-0.0169951		0.0364972		-0.0564445
1.97		0.00495027		-0.0166021		0.0358709		-0.0559106
1.98		0.00481058		-0.0162155		0.0352479		-0.0553656
1.99		0.00467416		-0.0158352		0.0346284		-0.05481
2		0.00454094		-0.0154612		0.0340126		-0.0542443
2.01		0.00441089		-0.0150934		0.0334007		-0.0536692
2.02		0.00428394		-0.0147319		0.0327929		-0.0530852
2.03		0.00416004		-0.0143766		0.0321895		-0.0524928
2.04		0.00403913		-0.0140276		0.0315907		-0.0518926
2.05		0.00392117		-0.0136846		0.0309965		-0.0512851
2.06		0.00380611		-0.0133478		0.0304073		-0.0506708
2.07		0.00369389		-0.0130171		0.0298231		-0.0500503
2.08		0.00358445		-0.0126925		0.0292441		-0.0494241
2.09		0.00347775		-0.0123738		0.0286706		-0.0487926
2.1		0.00337374		-0.0120612		0.0281025		-0.0481564
2.11		0.00327237		-0.0117544		0.0275402		-0.047516
2.12		0.00317358		-0.0114536		0.0269836		-0.0468717
2.13		0.00307733		-0.0111586		0.026433		-0.0462242
2.14		0.00298357		-0.0108693		0.0258883		-0.0455738
2.15		0.00289224		-0.0105858		0.0253499		-0.044921
2.16		0.0028033		-0.010308		0.0248176		-0.0442662
2.17		0.0027167		-0.0100358		0.0242917		-0.04361
2.18		0.0026324		-0.00976911		0.0237723		-0.0429526
2.19		0.00255034		-0.00950796		0.0232593		-0.0422945
2.2		0.00247048		-0.00925226		0.0227529		-0.041636
2.21		0.00239277		-0.00900194		0.0222532		-0.0409777
2.22		0.00231718		-0.00875695		0.0217601		-0.0403199
2.23		0.00224364		-0.00851721		0.0212739		-0.0396628
2.24		0.00217212		-0.00828266		0.0207944		-0.039007
2.25		0.00210258		-0.00805324		0.0203217		-0.0383527
2.26		0.00203497		-0.00782889		0.019856		-0.0377002
2.27		0.00196925		-0.00760953		0.0193972		-0.03705
2.28		0.00190537		-0.00739509		0.0189453		-0.0364022
2.29		0.0018433		-0.00718552		0.0185003		-0.0357573
2.3		0.00178299		-0.00698074		0.0180624		-0.0351155
2.31		0.00172441		-0.00678067		0.0176314		-0.0344771
2.32		0.0016675		-0.00658526		0.0172074		-0.0338423
2.33		0.00161224		-0.00639444		0.0167904		-0.0332115
2.34		0.00155859		-0.00620812		0.0163803		-0.0325848
2.35		0.0015065		-0.00602624		0.0159773		-0.0319625
2.36		0.00145594		-0.00584874		0.0155811		-0.0313449
2.37		0.00140687		-0.00567553		0.015192		-0.0307322
2.38		0.00135926		-0.00550656		0.0148097		-0.0301245
2.39		0.00131307		-0.00534173		0.0144343		-0.0295222
2.4		0.00126827		-0.005181		0.0140658		-0.0289252
2.41		0.00122481		-0.00502428		0.0137041		-0.028334
2.42		0.00118267		-0.00487151		0.0133492		-0.0277485
2.43		0.00114182		-0.00472261		0.0130011		-0.0271691
2.44		0.00110222		-0.00457752		0.0126596		-0.0265957
2.45		0.00106383		-0.00443616		0.0123248		-0.0260287
2.46		0.00102663		-0.00429846		0.0119967		-0.025468
2.47		0.00099059		-0.00416436		0.011675		-0.0249139
2.48		0.000955674		-0.00403378		0.0113599		-0.0243664
2.49		0.000921853		-0.00390666		0.0110512		-0.0238257
2.5		0.0008891		-0.00378294		0.0107489		-0.0232918
2.51		0.000857385		-0.00366253		0.010453		-0.0227649
2.52		0.00082668		-0.00354537		0.0101632		-0.022245
2.53		0.000796959		-0.00343141		0.00987971		-0.0217322
2.54		0.000768193		-0.00332056		0.0096023		-0.0212266
2.55		0.000740357		-0.00321278		0.00933095		-0.0207282
2.56		0.000713424		-0.00310798		0.00906559		-0.0202371
2.57		0.000687371		-0.00300611		0.00880613		-0.0197533
2.58		0.000662171		-0.0029071		0.00855251		-0.0192769
2.59		0.000637802		-0.0028109		0.00830465		-0.0188079
2.6		0.000614238		-0.00271743		0.00806247		-0.0183463
2.61		0.000591458		-0.00262664		0.0078259		-0.0178921
2.62		0.000569438		-0.00253847		0.00759485		-0.0174454
2.63		0.000548157		-0.00245285		0.00736925		-0.0170061
2.64		0.000527592		-0.00236973		0.00714902		-0.0165743
2.65		0.000507724		-0.00228904		0.00693408		-0.0161499
2.66		0.000488531		-0.00221074		0.00672433		-0.0157329
2.67		0.000469993		-0.00213477		0.00651971		-0.0153234
2.68		0.000452091		-0.00206106		0.00632012		-0.0149213
2.69		0.000434805		-0.00198957		0.0061255		-0.0145266
2.7		0.000418117		-0.00192023		0.00593574		-0.0141391
2.71		0.000402009		-0.001853		0.00575077		-0.013759
2.72		0.000386462		-0.00178782		0.0055705		-0.0133862
2.73		0.000371461		-0.00172465		0.00539485		-0.0130206
2.74		0.000356987		-0.00166342		0.00522374		-0.0126621
2.75		0.000343024		-0.00160409		0.00505708		-0.0123108
2.76		0.000329556		-0.00154662		0.00489479		-0.0119665
2.77		0.000316568		-0.00149094		0.00473679		-0.0116293
2.78		0.000304044		-0.00143702		0.00458298		-0.011299
2.79		0.000291969		-0.00138481		0.0044333		-0.0109755
2.8		0.00028033		-0.00133426		0.00428765		-0.0106589
2.81		0.000269112		-0.00128533		0.00414595		-0.010349
2.82		0.000258301		-0.00123797		0.00400813		-0.0100458
2.83		0.000247884		-0.00119214		0.0038741		-0.00974915
2.84		0.000237848		-0.0011478		0.00374377		-0.00945902
2.85		0.00022818		-0.0011049		0.00361708		-0.00917532
2.86		0.000218869		-0.00106341		0.00349394		-0.00889797
2.87		0.000209902		-0.00102328		0.00337426		-0.00862687
2.88		0.000201268		-0.000984482		0.00325798		-0.00836195
2.89		0.000192955		-0.000946967		0.00314502		-0.00810311
2.9		0.000184953		-0.000910702		0.00303529		-0.00785026
2.91		0.000177251		-0.00087565		0.00292873		-0.00760332
2.92		0.000169838		-0.000841774		0.00282525		-0.00736219
2.93		0.000162705		-0.00080904		0.00272478		-0.00712677
2.94		0.000155842		-0.000777413		0.00262726		-0.00689697
2.95		0.000149239		-0.000746859		0.0025326		-0.0066727
2.96		0.000142887		-0.000717346		0.00244073		-0.00645385
2.97		0.000136778		-0.000688841		0.00235159		-0.00624033
2.98		0.000130902		-0.000661313		0.0022651		-0.00603204
2.99		0.000125251		-0.000634731		0.0021812		-0.00582889
3		0.000119818		-0.000609065		0.0020998		-0.00563076
3.01		0.000114593		-0.000584285		0.00202086		-0.00543757
3.02		0.00010957		-0.000560363		0.0019443		-0.00524921
3.03		0.000104741		-0.000537272		0.00187005		-0.00506558
3.04		0.000100099		-0.000514982		0.00179806		-0.00488658
3.05		9.56364e-05		-0.000493469		0.00172825		-0.0047121
3.06		9.13469e-05		-0.000472705		0.00166057		-0.00454205
3.07		8.72239e-05		-0.000452665		0.00159495		-0.00437633
3.08		8.3261e-05		-0.000433324		0.00153133		-0.00421483
3.09		7.94518e-05		-0.000414659		0.00146966		-0.00405745
3.1		7.57905e-05		-0.000396645		0.00140986		-0.00390409
3.11		7.22712e-05		-0.000379259		0.00135189		-0.00375465
3.12		6.88883e-05		-0.000362479		0.00129569		-0.00360903
3.13		6.56362e-05		-0.000346282		0.00124119		-0.00346713
3.14		6.25097e-05		-0.000330647		0.00118836		-0.00332884
3.15		5.95035e-05		-0.000315553		0.00113712		-0.00319407
3.16		5.66128e-05		-0.00030098		0.00108743		-0.00306272
3.17		5.38326e-05		-0.000286907		0.00103923		-0.00293468
3.18		5.11582e-05		-0.000273315		0.000992467		-0.00280986
3.19		4.85851e-05		-0.000260185		0.000947097		-0.00268816
3.2		4.61087e-05		-0.000247497		0.000903065		-0.00256948
3.21		4.37249e-05		-0.000235235		0.000860321		-0.00245371
3.22		4.14294e-05		-0.000223379		0.000818815		-0.00234077
3.23		3.9218e-05		-0.000211913		0.000778499		-0.00223055
3.24		3.7087e-05		-0.000200818		0.000739326		-0.00212295
3.25		3.50323e-05		-0.00019008		0.000701246		-0.00201788
3.26		3.30503e-05		-0.00017968		0.000664214		-0.00191524
3.27		3.11373e-05		-0.000169604		0.000628184		-0.00181494
3.28		2.92897e-05		-0.000159834		0.000593109		-0.00171687
3.29		2.7504e-05		-0.000150356		0.000558945		-0.00162093
3.3		2.57769e-05		-0.000141155		0.000525647		-0.00152704
3.31		2.4105e-05		-0.000132215		0.00049317		-0.00143509
3.32		2.24851e-05		-0.000123522		0.00046147		-0.00134498
3.33		2.0914e-05		-0.000115062		0.000430505		-0.00125663
3.34		1.93886e-05		-0.000106819		0.00040023		-0.00116993
3.35		1.79058e-05		-9.878e-05		0.000370603		-0.00108478
3.36		1.64626e-05		-9.0931e-05		0.000341581		-0.00100109
3.37		1.5056e-05		-8.32581e-05		0.000313122		-0.000918754
3.38		1.36832e-05		-7.57476e-05		0.000285182		-0.00083768
3.39		1.23412e-05		-6.8386e-05		0.000257721		-0.000757766
3.4		1.10273e-05		-6.11597e-05		0.000230694		-0.000678913
3.41		9.73851e-06		-5.40553e-05		0.000204061		-0.000601019
3.42		8.4721e-06		-4.70594e-05		0.000177778		-0.000523983
3.43		7.22528e-06		-4.01586e-05		0.000151803		-0.000447704
3.44		5.99527e-06		-3.33397e-05		0.000126093		-0.000372076
3.45		4.77929e-06		-2.65891e-05		0.000100606		-0.000296995
3.46		3.57457e-06		-1.98935e-05		7.52966e-05		-0.000222356
3.47		2.37832e-06		-1.32392e-05		5.01222e-05		-0.00014805
3.48		1.18773e-06		-6.61261e-06		2.50383e-05		-7.39685e-05
3.49		0		0		0		0
