x	 	y	 	m_eff	 	Ev_hh	 	Ev_lh	 	Ev_so	 	Ec	 	Eg
0.000	 	1.000	 	0.079	 	-0.771	 	-0.837	 	-1.094	 	0.603	 	1.374	 	
0.001	 	1.000	 	0.079	 	-0.772	 	-0.838	 	-1.094	 	0.604	 	1.376	 	
0.002	 	1.000	 	0.079	 	-0.773	 	-0.838	 	-1.095	 	0.606	 	1.378	 	
0.003	 	1.000	 	0.080	 	-0.773	 	-0.839	 	-1.095	 	0.607	 	1.381	 	
0.004	 	1.000	 	0.080	 	-0.774	 	-0.840	 	-1.095	 	0.609	 	1.383	 	
0.005	 	1.000	 	0.080	 	-0.775	 	-0.841	 	-1.095	 	0.610	 	1.385	 	
0.006	 	1.000	 	0.080	 	-0.776	 	-0.841	 	-1.095	 	0.612	 	1.388	 	
0.007	 	1.000	 	0.080	 	-0.776	 	-0.842	 	-1.096	 	0.613	 	1.390	 	
0.008	 	1.000	 	0.080	 	-0.777	 	-0.843	 	-1.096	 	0.615	 	1.392	 	
0.009	 	1.000	 	0.080	 	-0.778	 	-0.844	 	-1.096	 	0.617	 	1.395	 	
0.010	 	1.000	 	0.080	 	-0.779	 	-0.844	 	-1.096	 	0.618	 	1.397	 	
0.011	 	1.000	 	0.080	 	-0.780	 	-0.845	 	-1.096	 	0.620	 	1.399	 	
0.012	 	1.000	 	0.080	 	-0.780	 	-0.846	 	-1.096	 	0.621	 	1.401	 	
0.013	 	1.000	 	0.080	 	-0.781	 	-0.847	 	-1.097	 	0.623	 	1.404	 	
0.014	 	1.000	 	0.080	 	-0.782	 	-0.847	 	-1.097	 	0.624	 	1.406	 	
0.015	 	1.000	 	0.081	 	-0.783	 	-0.848	 	-1.097	 	0.626	 	1.408	 	
0.016	 	1.000	 	0.081	 	-0.783	 	-0.849	 	-1.097	 	0.627	 	1.411	 	
0.017	 	1.000	 	0.081	 	-0.784	 	-0.850	 	-1.097	 	0.629	 	1.413	 	
0.018	 	1.000	 	0.081	 	-0.785	 	-0.850	 	-1.098	 	0.630	 	1.415	 	
0.019	 	1.000	 	0.081	 	-0.786	 	-0.851	 	-1.098	 	0.632	 	1.417	 	
0.020	 	1.000	 	0.081	 	-0.787	 	-0.852	 	-1.098	 	0.633	 	1.420	 	
0.021	 	1.000	 	0.081	 	-0.787	 	-0.852	 	-1.098	 	0.635	 	1.422	 	
0.022	 	1.000	 	0.081	 	-0.788	 	-0.853	 	-1.098	 	0.636	 	1.424	 	
0.023	 	1.000	 	0.081	 	-0.789	 	-0.854	 	-1.099	 	0.638	 	1.426	 	
0.024	 	1.000	 	0.081	 	-0.790	 	-0.855	 	-1.099	 	0.639	 	1.429	 	
0.025	 	1.000	 	0.081	 	-0.790	 	-0.855	 	-1.099	 	0.641	 	1.431	 	
0.026	 	1.000	 	0.081	 	-0.791	 	-0.856	 	-1.099	 	0.642	 	1.433	 	
0.027	 	1.000	 	0.082	 	-0.792	 	-0.857	 	-1.099	 	0.644	 	1.436	 	
0.028	 	1.000	 	0.082	 	-0.793	 	-0.858	 	-1.100	 	0.645	 	1.438	 	
0.029	 	1.000	 	0.082	 	-0.793	 	-0.858	 	-1.100	 	0.647	 	1.440	 	
0.030	 	1.000	 	0.082	 	-0.794	 	-0.859	 	-1.100	 	0.648	 	1.442	 	
0.031	 	1.000	 	0.082	 	-0.795	 	-0.860	 	-1.100	 	0.650	 	1.445	 	
0.032	 	1.000	 	0.082	 	-0.796	 	-0.861	 	-1.100	 	0.651	 	1.447	 	
0.033	 	1.000	 	0.082	 	-0.796	 	-0.861	 	-1.101	 	0.653	 	1.449	 	
0.034	 	1.000	 	0.082	 	-0.797	 	-0.862	 	-1.101	 	0.654	 	1.451	 	
0.035	 	1.000	 	0.082	 	-0.798	 	-0.863	 	-1.101	 	0.656	 	1.453	 	
0.036	 	1.000	 	0.082	 	-0.799	 	-0.863	 	-1.101	 	0.657	 	1.456	 	
0.037	 	1.000	 	0.082	 	-0.800	 	-0.864	 	-1.101	 	0.658	 	1.458	 	
0.038	 	1.000	 	0.082	 	-0.800	 	-0.865	 	-1.101	 	0.660	 	1.460	 	
0.039	 	1.000	 	0.083	 	-0.801	 	-0.866	 	-1.102	 	0.661	 	1.462	 	
0.040	 	1.000	 	0.083	 	-0.802	 	-0.866	 	-1.102	 	0.663	 	1.465	 	
0.041	 	1.000	 	0.083	 	-0.803	 	-0.867	 	-1.102	 	0.664	 	1.467	 	
0.042	 	1.000	 	0.083	 	-0.803	 	-0.868	 	-1.102	 	0.666	 	1.469	 	
0.043	 	1.000	 	0.083	 	-0.804	 	-0.869	 	-1.102	 	0.667	 	1.471	 	
0.044	 	1.000	 	0.083	 	-0.805	 	-0.869	 	-1.103	 	0.669	 	1.474	 	
0.045	 	1.000	 	0.083	 	-0.806	 	-0.870	 	-1.103	 	0.670	 	1.476	 	
0.046	 	1.000	 	0.083	 	-0.806	 	-0.871	 	-1.103	 	0.672	 	1.478	 	
0.047	 	1.000	 	0.083	 	-0.807	 	-0.871	 	-1.103	 	0.673	 	1.480	 	
0.048	 	1.000	 	0.083	 	-0.808	 	-0.872	 	-1.103	 	0.675	 	1.482	 	
0.049	 	1.000	 	0.083	 	-0.809	 	-0.873	 	-1.104	 	0.676	 	1.485	 	
0.050	 	1.000	 	0.083	 	-0.809	 	-0.874	 	-1.104	 	0.677	 	1.487	 	
0.051	 	1.000	 	0.084	 	-0.810	 	-0.874	 	-1.104	 	0.679	 	1.489	 	
0.052	 	1.000	 	0.084	 	-0.811	 	-0.875	 	-1.104	 	0.680	 	1.491	 	
0.053	 	1.000	 	0.084	 	-0.812	 	-0.876	 	-1.104	 	0.682	 	1.493	 	
0.054	 	1.000	 	0.084	 	-0.812	 	-0.877	 	-1.104	 	0.683	 	1.496	 	
0.055	 	1.000	 	0.084	 	-0.813	 	-0.877	 	-1.105	 	0.685	 	1.498	 	
0.056	 	1.000	 	0.084	 	-0.814	 	-0.878	 	-1.105	 	0.686	 	1.500	 	
0.057	 	1.000	 	0.084	 	-0.815	 	-0.879	 	-1.105	 	0.688	 	1.502	 	
0.058	 	1.000	 	0.084	 	-0.815	 	-0.879	 	-1.105	 	0.689	 	1.504	 	
0.059	 	1.000	 	0.084	 	-0.816	 	-0.880	 	-1.105	 	0.690	 	1.507	 	
0.060	 	1.000	 	0.084	 	-0.817	 	-0.881	 	-1.106	 	0.692	 	1.509	 	
0.061	 	1.000	 	0.084	 	-0.818	 	-0.882	 	-1.106	 	0.693	 	1.511	 	
0.062	 	1.000	 	0.084	 	-0.818	 	-0.882	 	-1.106	 	0.695	 	1.513	 	
0.063	 	1.000	 	0.084	 	-0.819	 	-0.883	 	-1.106	 	0.696	 	1.515	 	
0.064	 	1.000	 	0.085	 	-0.820	 	-0.884	 	-1.106	 	0.698	 	1.517	 	
0.065	 	1.000	 	0.085	 	-0.821	 	-0.884	 	-1.106	 	0.699	 	1.520	 	
0.066	 	1.000	 	0.085	 	-0.821	 	-0.885	 	-1.107	 	0.700	 	1.522	 	
0.067	 	1.000	 	0.085	 	-0.822	 	-0.886	 	-1.107	 	0.702	 	1.524	 	
0.068	 	1.000	 	0.085	 	-0.823	 	-0.887	 	-1.107	 	0.703	 	1.526	 	
0.069	 	1.000	 	0.085	 	-0.824	 	-0.887	 	-1.107	 	0.705	 	1.528	 	
0.070	 	1.000	 	0.085	 	-0.824	 	-0.888	 	-1.107	 	0.706	 	1.530	 	
0.071	 	1.000	 	0.085	 	-0.825	 	-0.889	 	-1.108	 	0.707	 	1.533	 	
0.072	 	1.000	 	0.085	 	-0.826	 	-0.889	 	-1.108	 	0.709	 	1.535	 	
0.073	 	1.000	 	0.085	 	-0.827	 	-0.890	 	-1.108	 	0.710	 	1.537	 	
0.074	 	1.000	 	0.085	 	-0.827	 	-0.891	 	-1.108	 	0.712	 	1.539	 	
0.075	 	1.000	 	0.085	 	-0.828	 	-0.892	 	-1.108	 	0.713	 	1.541	 	
0.076	 	1.000	 	0.085	 	-0.829	 	-0.892	 	-1.108	 	0.714	 	1.543	 	
0.077	 	1.000	 	0.086	 	-0.830	 	-0.893	 	-1.109	 	0.716	 	1.545	 	
0.078	 	1.000	 	0.086	 	-0.830	 	-0.894	 	-1.109	 	0.717	 	1.548	 	
0.079	 	1.000	 	0.086	 	-0.831	 	-0.894	 	-1.109	 	0.719	 	1.550	 	
0.080	 	1.000	 	0.086	 	-0.832	 	-0.895	 	-1.109	 	0.720	 	1.552	 	
0.081	 	1.000	 	0.086	 	-0.833	 	-0.896	 	-1.109	 	0.721	 	1.554	 	
0.082	 	1.000	 	0.086	 	-0.833	 	-0.897	 	-1.110	 	0.723	 	1.556	 	
0.083	 	1.000	 	0.086	 	-0.834	 	-0.897	 	-1.110	 	0.724	 	1.558	 	
0.084	 	1.000	 	0.086	 	-0.835	 	-0.898	 	-1.110	 	0.726	 	1.560	 	
0.085	 	1.000	 	0.086	 	-0.836	 	-0.899	 	-1.110	 	0.727	 	1.563	 	
0.086	 	1.000	 	0.086	 	-0.836	 	-0.899	 	-1.110	 	0.728	 	1.565	 	
0.087	 	1.000	 	0.086	 	-0.837	 	-0.900	 	-1.110	 	0.730	 	1.567	 	
0.088	 	1.000	 	0.086	 	-0.838	 	-0.901	 	-1.111	 	0.731	 	1.569	 	
0.089	 	1.000	 	0.086	 	-0.839	 	-0.901	 	-1.111	 	0.732	 	1.571	 	
0.090	 	1.000	 	0.087	 	-0.839	 	-0.902	 	-1.111	 	0.734	 	1.573	 	
0.091	 	1.000	 	0.087	 	-0.840	 	-0.903	 	-1.111	 	0.735	 	1.575	 	
0.092	 	1.000	 	0.087	 	-0.841	 	-0.904	 	-1.111	 	0.737	 	1.577	 	
0.093	 	1.000	 	0.087	 	-0.842	 	-0.904	 	-1.112	 	0.738	 	1.579	 	
0.094	 	1.000	 	0.087	 	-0.842	 	-0.905	 	-1.112	 	0.739	 	1.582	 	
0.095	 	1.000	 	0.087	 	-0.843	 	-0.906	 	-1.112	 	0.741	 	1.584	 	
0.096	 	1.000	 	0.087	 	-0.844	 	-0.906	 	-1.112	 	0.742	 	1.586	 	
0.097	 	1.000	 	0.087	 	-0.844	 	-0.907	 	-1.112	 	0.743	 	1.588	 	
0.098	 	1.000	 	0.087	 	-0.845	 	-0.908	 	-1.112	 	0.745	 	1.590	 	
0.099	 	1.000	 	0.087	 	-0.846	 	-0.908	 	-1.113	 	0.746	 	1.592	 	
0.100	 	1.000	 	0.087	 	-0.847	 	-0.909	 	-1.113	 	0.747	 	1.594	 	
0.101	 	1.000	 	0.087	 	-0.847	 	-0.910	 	-1.113	 	0.749	 	1.596	 	
0.102	 	1.000	 	0.087	 	-0.848	 	-0.911	 	-1.113	 	0.750	 	1.598	 	
0.103	 	1.000	 	0.088	 	-0.849	 	-0.911	 	-1.113	 	0.752	 	1.600	 	
0.104	 	1.000	 	0.088	 	-0.850	 	-0.912	 	-1.113	 	0.753	 	1.603	 	
0.105	 	1.000	 	0.088	 	-0.850	 	-0.913	 	-1.114	 	0.754	 	1.605	 	
0.106	 	1.000	 	0.088	 	-0.851	 	-0.913	 	-1.114	 	0.756	 	1.607	 	
0.107	 	1.000	 	0.088	 	-0.852	 	-0.914	 	-1.114	 	0.757	 	1.609	 	
0.108	 	1.000	 	0.088	 	-0.853	 	-0.915	 	-1.114	 	0.758	 	1.611	 	
0.109	 	1.000	 	0.088	 	-0.853	 	-0.915	 	-1.114	 	0.760	 	1.613	 	
0.110	 	1.000	 	0.088	 	-0.854	 	-0.916	 	-1.115	 	0.761	 	1.615	 	
0.111	 	1.000	 	0.088	 	-0.855	 	-0.917	 	-1.115	 	0.762	 	1.617	 	
0.112	 	1.000	 	0.088	 	-0.855	 	-0.918	 	-1.115	 	0.764	 	1.619	 	
0.113	 	1.000	 	0.088	 	-0.856	 	-0.918	 	-1.115	 	0.765	 	1.621	 	
0.114	 	1.000	 	0.088	 	-0.857	 	-0.919	 	-1.115	 	0.766	 	1.623	 	
0.115	 	1.000	 	0.088	 	-0.858	 	-0.920	 	-1.115	 	0.768	 	1.625	 	
0.116	 	1.000	 	0.089	 	-0.858	 	-0.920	 	-1.116	 	0.769	 	1.627	 	
0.117	 	1.000	 	0.089	 	-0.859	 	-0.921	 	-1.116	 	0.770	 	1.629	 	
0.118	 	1.000	 	0.089	 	-0.860	 	-0.922	 	-1.116	 	0.772	 	1.631	 	
0.119	 	1.000	 	0.089	 	-0.861	 	-0.922	 	-1.116	 	0.773	 	1.633	 	
0.120	 	1.000	 	0.089	 	-0.861	 	-0.923	 	-1.116	 	0.774	 	1.635	 	
0.121	 	1.000	 	0.089	 	-0.862	 	-0.924	 	-1.116	 	0.775	 	1.638	 	
0.122	 	1.000	 	0.089	 	-0.863	 	-0.924	 	-1.117	 	0.777	 	1.640	 	
0.123	 	1.000	 	0.089	 	-0.864	 	-0.925	 	-1.117	 	0.778	 	1.642	 	
0.124	 	1.000	 	0.089	 	-0.864	 	-0.926	 	-1.117	 	0.779	 	1.644	 	
0.125	 	1.000	 	0.089	 	-0.865	 	-0.927	 	-1.117	 	0.781	 	1.646	 	
0.126	 	1.000	 	0.089	 	-0.866	 	-0.927	 	-1.117	 	0.782	 	1.648	 	
0.127	 	1.000	 	0.089	 	-0.866	 	-0.928	 	-1.117	 	0.783	 	1.650	 	
0.128	 	1.000	 	0.089	 	-0.867	 	-0.929	 	-1.118	 	0.785	 	1.652	 	
0.129	 	1.000	 	0.089	 	-0.868	 	-0.929	 	-1.118	 	0.786	 	1.654	 	
0.130	 	1.000	 	0.090	 	-0.869	 	-0.930	 	-1.118	 	0.787	 	1.656	 	
0.131	 	1.000	 	0.090	 	-0.869	 	-0.931	 	-1.118	 	0.789	 	1.658	 	
0.132	 	1.000	 	0.090	 	-0.870	 	-0.931	 	-1.118	 	0.790	 	1.660	 	
0.133	 	1.000	 	0.090	 	-0.871	 	-0.932	 	-1.119	 	0.791	 	1.662	 	
0.134	 	1.000	 	0.090	 	-0.871	 	-0.933	 	-1.119	 	0.792	 	1.664	 	
0.135	 	1.000	 	0.090	 	-0.872	 	-0.933	 	-1.119	 	0.794	 	1.666	 	
0.136	 	1.000	 	0.090	 	-0.873	 	-0.934	 	-1.119	 	0.795	 	1.668	 	
0.137	 	1.000	 	0.090	 	-0.874	 	-0.935	 	-1.119	 	0.796	 	1.670	 	
0.138	 	1.000	 	0.090	 	-0.874	 	-0.935	 	-1.119	 	0.798	 	1.672	 	
0.139	 	1.000	 	0.090	 	-0.875	 	-0.936	 	-1.120	 	0.799	 	1.674	 	
0.140	 	1.000	 	0.090	 	-0.876	 	-0.937	 	-1.120	 	0.800	 	1.676	 	
0.141	 	1.000	 	0.090	 	-0.877	 	-0.937	 	-1.120	 	0.801	 	1.678	 	
0.142	 	1.000	 	0.090	 	-0.877	 	-0.938	 	-1.120	 	0.803	 	1.680	 	
0.143	 	1.000	 	0.090	 	-0.878	 	-0.939	 	-1.120	 	0.804	 	1.682	 	
0.144	 	1.000	 	0.091	 	-0.879	 	-0.939	 	-1.120	 	0.805	 	1.684	 	
0.145	 	1.000	 	0.091	 	-0.879	 	-0.940	 	-1.121	 	0.806	 	1.686	 	
0.146	 	1.000	 	0.091	 	-0.880	 	-0.941	 	-1.121	 	0.808	 	1.688	 	
0.147	 	1.000	 	0.091	 	-0.881	 	-0.941	 	-1.121	 	0.809	 	1.690	 	
0.148	 	1.000	 	0.091	 	-0.882	 	-0.942	 	-1.121	 	0.810	 	1.692	 	
0.149	 	1.000	 	0.091	 	-0.882	 	-0.943	 	-1.121	 	0.812	 	1.694	 	
0.150	 	1.000	 	0.091	 	-0.883	 	-0.943	 	-1.121	 	0.813	 	1.696	 	
0.151	 	1.000	 	0.091	 	-0.884	 	-0.944	 	-1.122	 	0.814	 	1.698	 	
0.152	 	1.000	 	0.091	 	-0.884	 	-0.945	 	-1.122	 	0.815	 	1.700	 	
0.153	 	1.000	 	0.091	 	-0.885	 	-0.946	 	-1.122	 	0.817	 	1.702	 	
0.154	 	1.000	 	0.091	 	-0.886	 	-0.946	 	-1.122	 	0.818	 	1.704	 	
0.155	 	1.000	 	0.091	 	-0.887	 	-0.947	 	-1.122	 	0.819	 	1.706	 	
0.156	 	1.000	 	0.091	 	-0.887	 	-0.948	 	-1.122	 	0.820	 	1.708	 	
0.157	 	1.000	 	0.091	 	-0.888	 	-0.948	 	-1.123	 	0.822	 	1.710	 	
0.158	 	1.000	 	0.092	 	-0.889	 	-0.949	 	-1.123	 	0.823	 	1.711	 	
0.159	 	1.000	 	0.092	 	-0.889	 	-0.950	 	-1.123	 	0.824	 	1.713	 	
0.160	 	1.000	 	0.092	 	-0.890	 	-0.950	 	-1.123	 	0.825	 	1.715	 	
0.161	 	1.000	 	0.092	 	-0.891	 	-0.951	 	-1.123	 	0.827	 	1.717	 	
0.162	 	1.000	 	0.092	 	-0.892	 	-0.952	 	-1.123	 	0.828	 	1.719	 	
0.163	 	1.000	 	0.092	 	-0.892	 	-0.952	 	-1.124	 	0.829	 	1.721	 	
0.164	 	1.000	 	0.092	 	-0.893	 	-0.953	 	-1.124	 	0.830	 	1.723	 	
0.165	 	1.000	 	0.092	 	-0.894	 	-0.954	 	-1.124	 	0.831	 	1.725	 	
0.166	 	1.000	 	0.092	 	-0.894	 	-0.954	 	-1.124	 	0.833	 	1.727	 	
0.167	 	1.000	 	0.092	 	-0.895	 	-0.955	 	-1.124	 	0.834	 	1.729	 	
0.168	 	1.000	 	0.092	 	-0.896	 	-0.956	 	-1.124	 	0.835	 	1.731	 	
0.169	 	1.000	 	0.092	 	-0.896	 	-0.956	 	-1.124	 	0.836	 	1.733	 	
0.170	 	1.000	 	0.092	 	-0.897	 	-0.957	 	-1.125	 	0.838	 	1.735	 	
0.171	 	1.000	 	0.092	 	-0.898	 	-0.957	 	-1.125	 	0.839	 	1.737	 	
0.172	 	1.000	 	0.093	 	-0.899	 	-0.958	 	-1.125	 	0.840	 	1.739	 	
0.173	 	1.000	 	0.093	 	-0.899	 	-0.959	 	-1.125	 	0.841	 	1.741	 	
0.174	 	1.000	 	0.093	 	-0.900	 	-0.959	 	-1.125	 	0.842	 	1.742	 	
0.175	 	1.000	 	0.093	 	-0.901	 	-0.960	 	-1.125	 	0.844	 	1.744	 	
0.176	 	1.000	 	0.093	 	-0.901	 	-0.961	 	-1.126	 	0.845	 	1.746	 	
0.177	 	1.000	 	0.093	 	-0.902	 	-0.961	 	-1.126	 	0.846	 	1.748	 	
0.178	 	1.000	 	0.093	 	-0.903	 	-0.962	 	-1.126	 	0.847	 	1.750	 	
0.179	 	1.000	 	0.093	 	-0.904	 	-0.963	 	-1.126	 	0.848	 	1.752	 	
0.180	 	1.000	 	0.093	 	-0.904	 	-0.963	 	-1.126	 	0.850	 	1.754	 	
0.181	 	1.000	 	0.093	 	-0.905	 	-0.964	 	-1.126	 	0.851	 	1.756	 	
0.182	 	1.000	 	0.093	 	-0.906	 	-0.965	 	-1.127	 	0.852	 	1.758	 	
0.183	 	1.000	 	0.093	 	-0.906	 	-0.965	 	-1.127	 	0.853	 	1.760	 	
0.184	 	1.000	 	0.093	 	-0.907	 	-0.966	 	-1.127	 	0.854	 	1.762	 	
0.185	 	1.000	 	0.093	 	-0.908	 	-0.967	 	-1.127	 	0.856	 	1.763	 	
0.186	 	1.000	 	0.093	 	-0.908	 	-0.967	 	-1.127	 	0.857	 	1.765	 	
0.187	 	1.000	 	0.094	 	-0.909	 	-0.968	 	-1.127	 	0.858	 	1.767	 	
0.188	 	1.000	 	0.094	 	-0.910	 	-0.969	 	-1.128	 	0.859	 	1.769	 	
0.189	 	1.000	 	0.094	 	-0.911	 	-0.969	 	-1.128	 	0.860	 	1.771	 	
0.190	 	1.000	 	0.094	 	-0.911	 	-0.970	 	-1.128	 	0.862	 	1.773	 	
0.191	 	1.000	 	0.094	 	-0.912	 	-0.971	 	-1.128	 	0.863	 	1.775	 	
0.192	 	1.000	 	0.094	 	-0.913	 	-0.971	 	-1.128	 	0.864	 	1.777	 	
0.193	 	1.000	 	0.094	 	-0.913	 	-0.972	 	-1.128	 	0.865	 	1.779	 	
0.194	 	1.000	 	0.094	 	-0.914	 	-0.973	 	-1.128	 	0.866	 	1.780	 	
0.195	 	1.000	 	0.094	 	-0.915	 	-0.973	 	-1.129	 	0.868	 	1.782	 	
0.196	 	1.000	 	0.094	 	-0.915	 	-0.974	 	-1.129	 	0.869	 	1.784	 	
0.197	 	1.000	 	0.094	 	-0.916	 	-0.974	 	-1.129	 	0.870	 	1.786	 	
0.198	 	1.000	 	0.094	 	-0.917	 	-0.975	 	-1.129	 	0.871	 	1.788	 	
0.199	 	1.000	 	0.094	 	-0.918	 	-0.976	 	-1.129	 	0.872	 	1.790	 	
0.200	 	1.000	 	0.094	 	-0.918	 	-0.976	 	-1.129	 	0.873	 	1.792	 	
0.201	 	1.000	 	0.094	 	-0.919	 	-0.977	 	-1.130	 	0.875	 	1.793	 	
0.202	 	1.000	 	0.095	 	-0.920	 	-0.978	 	-1.130	 	0.876	 	1.795	 	
0.203	 	1.000	 	0.095	 	-0.920	 	-0.978	 	-1.130	 	0.877	 	1.797	 	
0.204	 	1.000	 	0.095	 	-0.921	 	-0.979	 	-1.130	 	0.878	 	1.799	 	
0.205	 	1.000	 	0.095	 	-0.922	 	-0.980	 	-1.130	 	0.879	 	1.801	 	
0.206	 	1.000	 	0.095	 	-0.922	 	-0.980	 	-1.130	 	0.880	 	1.803	 	
0.207	 	1.000	 	0.095	 	-0.923	 	-0.981	 	-1.131	 	0.881	 	1.805	 	
0.208	 	1.000	 	0.095	 	-0.924	 	-0.981	 	-1.131	 	0.883	 	1.806	 	
0.209	 	1.000	 	0.095	 	-0.924	 	-0.982	 	-1.131	 	0.884	 	1.808	 	
0.210	 	1.000	 	0.095	 	-0.925	 	-0.983	 	-1.131	 	0.885	 	1.810	 	
0.211	 	1.000	 	0.095	 	-0.926	 	-0.983	 	-1.131	 	0.886	 	1.812	 	
0.212	 	1.000	 	0.095	 	-0.927	 	-0.984	 	-1.131	 	0.887	 	1.814	 	
0.213	 	1.000	 	0.095	 	-0.927	 	-0.985	 	-1.131	 	0.888	 	1.816	 	
0.214	 	1.000	 	0.095	 	-0.928	 	-0.985	 	-1.132	 	0.889	 	1.817	 	
0.215	 	1.000	 	0.095	 	-0.929	 	-0.986	 	-1.132	 	0.891	 	1.819	 	
0.216	 	1.000	 	0.095	 	-0.929	 	-0.987	 	-1.132	 	0.892	 	1.821	 	
0.217	 	1.000	 	0.095	 	-0.930	 	-0.987	 	-1.132	 	0.893	 	1.823	 	
0.218	 	1.000	 	0.096	 	-0.931	 	-0.988	 	-1.132	 	0.894	 	1.825	 	
0.219	 	1.000	 	0.096	 	-0.931	 	-0.988	 	-1.132	 	0.895	 	1.826	 	
0.220	 	1.000	 	0.096	 	-0.932	 	-0.989	 	-1.133	 	0.896	 	1.828	 	
0.221	 	1.000	 	0.096	 	-0.933	 	-0.990	 	-1.133	 	0.897	 	1.830	 	
0.222	 	1.000	 	0.096	 	-0.933	 	-0.990	 	-1.133	 	0.898	 	1.832	 	
0.223	 	1.000	 	0.096	 	-0.934	 	-0.991	 	-1.133	 	0.900	 	1.834	 	
0.224	 	1.000	 	0.096	 	-0.935	 	-0.992	 	-1.133	 	0.901	 	1.835	 	
0.225	 	1.000	 	0.096	 	-0.935	 	-0.992	 	-1.133	 	0.902	 	1.837	 	
0.226	 	1.000	 	0.096	 	-0.936	 	-0.993	 	-1.133	 	0.903	 	1.839	 	
0.227	 	1.000	 	0.096	 	-0.937	 	-0.993	 	-1.134	 	0.904	 	1.841	 	
0.228	 	1.000	 	0.096	 	-0.937	 	-0.994	 	-1.134	 	0.905	 	1.843	 	
0.229	 	1.000	 	0.096	 	-0.938	 	-0.995	 	-1.134	 	0.906	 	1.844	 	
0.230	 	1.000	 	0.096	 	-0.939	 	-0.995	 	-1.134	 	0.907	 	1.846	 	
0.231	 	1.000	 	0.096	 	-0.940	 	-0.996	 	-1.134	 	0.909	 	1.848	 	
0.232	 	1.000	 	0.096	 	-0.940	 	-0.997	 	-1.134	 	0.910	 	1.850	 	
0.233	 	1.000	 	0.096	 	-0.941	 	-0.997	 	-1.135	 	0.911	 	1.852	 	
0.234	 	1.000	 	0.097	 	-0.942	 	-0.998	 	-1.135	 	0.912	 	1.853	 	
0.235	 	1.000	 	0.097	 	-0.942	 	-0.998	 	-1.135	 	0.913	 	1.855	 	
0.236	 	1.000	 	0.097	 	-0.943	 	-0.999	 	-1.135	 	0.914	 	1.857	 	
0.237	 	1.000	 	0.097	 	-0.944	 	-1.000	 	-1.135	 	0.915	 	1.859	 	
0.238	 	1.000	 	0.097	 	-0.944	 	-1.000	 	-1.135	 	0.916	 	1.860	 	
0.239	 	1.000	 	0.097	 	-0.945	 	-1.001	 	-1.135	 	0.917	 	1.862	 	
0.240	 	1.000	 	0.097	 	-0.946	 	-1.002	 	-1.136	 	0.918	 	1.864	 	
0.241	 	1.000	 	0.097	 	-0.946	 	-1.002	 	-1.136	 	0.919	 	1.866	 	
0.242	 	1.000	 	0.097	 	-0.947	 	-1.003	 	-1.136	 	0.921	 	1.868	 	
0.243	 	1.000	 	0.097	 	-0.948	 	-1.003	 	-1.136	 	0.922	 	1.869	 	
0.244	 	1.000	 	0.097	 	-0.948	 	-1.004	 	-1.136	 	0.923	 	1.871	 	
0.245	 	1.000	 	0.097	 	-0.949	 	-1.005	 	-1.136	 	0.924	 	1.873	 	
0.246	 	1.000	 	0.097	 	-0.950	 	-1.005	 	-1.137	 	0.925	 	1.875	 	
0.247	 	1.000	 	0.097	 	-0.950	 	-1.006	 	-1.137	 	0.926	 	1.876	 	
0.248	 	1.000	 	0.097	 	-0.951	 	-1.006	 	-1.137	 	0.927	 	1.878	 	
0.249	 	1.000	 	0.097	 	-0.952	 	-1.007	 	-1.137	 	0.928	 	1.880	 	
0.250	 	1.000	 	0.098	 	-0.952	 	-1.008	 	-1.137	 	0.929	 	1.882	 	
0.251	 	1.000	 	0.098	 	-0.953	 	-1.008	 	-1.137	 	0.930	 	1.883	 	
0.252	 	1.000	 	0.098	 	-0.954	 	-1.009	 	-1.137	 	0.931	 	1.885	 	
0.253	 	1.000	 	0.098	 	-0.954	 	-1.009	 	-1.138	 	0.932	 	1.887	 	
0.254	 	1.000	 	0.098	 	-0.955	 	-1.010	 	-1.138	 	0.933	 	1.888	 	
0.255	 	1.000	 	0.098	 	-0.956	 	-1.011	 	-1.138	 	0.934	 	1.890	 	
0.256	 	1.000	 	0.098	 	-0.956	 	-1.011	 	-1.138	 	0.936	 	1.892	 	
0.257	 	1.000	 	0.098	 	-0.957	 	-1.012	 	-1.138	 	0.937	 	1.894	 	
0.258	 	1.000	 	0.098	 	-0.958	 	-1.012	 	-1.138	 	0.938	 	1.895	 	
0.259	 	1.000	 	0.098	 	-0.958	 	-1.013	 	-1.138	 	0.939	 	1.897	 	
0.260	 	1.000	 	0.098	 	-0.959	 	-1.014	 	-1.139	 	0.940	 	1.899	 	
0.261	 	1.000	 	0.098	 	-0.960	 	-1.014	 	-1.139	 	0.941	 	1.901	 	
0.262	 	1.000	 	0.098	 	-0.960	 	-1.015	 	-1.139	 	0.942	 	1.902	 	
0.263	 	1.000	 	0.098	 	-0.961	 	-1.015	 	-1.139	 	0.943	 	1.904	 	
0.264	 	1.000	 	0.098	 	-0.962	 	-1.016	 	-1.139	 	0.944	 	1.906	 	
0.265	 	1.000	 	0.098	 	-0.962	 	-1.017	 	-1.139	 	0.945	 	1.907	 	
0.266	 	1.000	 	0.098	 	-0.963	 	-1.017	 	-1.140	 	0.946	 	1.909	 	
0.267	 	1.000	 	0.099	 	-0.964	 	-1.018	 	-1.140	 	0.947	 	1.911	 	
0.268	 	1.000	 	0.099	 	-0.964	 	-1.018	 	-1.140	 	0.948	 	1.912	 	
0.269	 	1.000	 	0.099	 	-0.965	 	-1.019	 	-1.140	 	0.949	 	1.914	 	
0.270	 	1.000	 	0.099	 	-0.966	 	-1.020	 	-1.140	 	0.950	 	1.916	 	
0.271	 	1.000	 	0.099	 	-0.966	 	-1.020	 	-1.140	 	0.951	 	1.918	 	
0.272	 	1.000	 	0.099	 	-0.967	 	-1.021	 	-1.140	 	0.952	 	1.919	 	
0.273	 	1.000	 	0.099	 	-0.968	 	-1.021	 	-1.141	 	0.953	 	1.921	 	
0.274	 	1.000	 	0.099	 	-0.968	 	-1.022	 	-1.141	 	0.954	 	1.923	 	
0.275	 	1.000	 	0.099	 	-0.969	 	-1.022	 	-1.141	 	0.955	 	1.924	 	
0.276	 	1.000	 	0.099	 	-0.970	 	-1.023	 	-1.141	 	0.956	 	1.926	 	
0.277	 	1.000	 	0.099	 	-0.970	 	-1.024	 	-1.141	 	0.957	 	1.928	 	
0.278	 	1.000	 	0.099	 	-0.971	 	-1.024	 	-1.141	 	0.958	 	1.929	 	
0.279	 	1.000	 	0.099	 	-0.972	 	-1.025	 	-1.141	 	0.959	 	1.931	 	
0.280	 	1.000	 	0.099	 	-0.972	 	-1.025	 	-1.142	 	0.960	 	1.933	 	
0.281	 	1.000	 	0.099	 	-0.973	 	-1.026	 	-1.142	 	0.961	 	1.934	 	
0.282	 	1.000	 	0.099	 	-0.974	 	-1.027	 	-1.142	 	0.962	 	1.936	 	
0.283	 	1.000	 	0.099	 	-0.974	 	-1.027	 	-1.142	 	0.963	 	1.938	 	
0.284	 	1.000	 	0.100	 	-0.975	 	-1.028	 	-1.142	 	0.964	 	1.939	 	
0.285	 	1.000	 	0.100	 	-0.976	 	-1.028	 	-1.142	 	0.965	 	1.941	 	
0.286	 	1.000	 	0.100	 	-0.976	 	-1.029	 	-1.143	 	0.966	 	1.943	 	
0.287	 	1.000	 	0.100	 	-0.977	 	-1.029	 	-1.143	 	0.967	 	1.944	 	
0.288	 	1.000	 	0.100	 	-0.978	 	-1.030	 	-1.143	 	0.968	 	1.946	 	
0.289	 	1.000	 	0.100	 	-0.978	 	-1.031	 	-1.143	 	0.969	 	1.948	 	
0.290	 	1.000	 	0.100	 	-0.979	 	-1.031	 	-1.143	 	0.970	 	1.949	 	
0.291	 	1.000	 	0.100	 	-0.979	 	-1.032	 	-1.143	 	0.971	 	1.951	 	
0.292	 	1.000	 	0.100	 	-0.980	 	-1.032	 	-1.143	 	0.972	 	1.953	 	
0.293	 	1.000	 	0.100	 	-0.981	 	-1.033	 	-1.144	 	0.973	 	1.954	 	
0.294	 	1.000	 	0.100	 	-0.981	 	-1.033	 	-1.144	 	0.974	 	1.956	 	
0.295	 	1.000	 	0.100	 	-0.982	 	-1.034	 	-1.144	 	0.975	 	1.957	 	
0.296	 	1.000	 	0.100	 	-0.983	 	-1.034	 	-1.144	 	0.976	 	1.959	 	
0.297	 	1.000	 	0.100	 	-0.983	 	-1.035	 	-1.144	 	0.977	 	1.961	 	
0.298	 	1.000	 	0.100	 	-0.984	 	-1.036	 	-1.144	 	0.978	 	1.962	 	
0.299	 	1.000	 	0.100	 	-0.985	 	-1.036	 	-1.145	 	0.979	 	1.964	 	
0.300	 	1.000	 	0.100	 	-0.985	 	-1.037	 	-1.145	 	0.980	 	1.966	 	
0.301	 	1.000	 	0.100	 	-0.986	 	-1.037	 	-1.145	 	0.981	 	1.967	 	
0.302	 	1.000	 	0.101	 	-0.987	 	-1.038	 	-1.145	 	0.982	 	1.969	 	
0.303	 	1.000	 	0.101	 	-0.987	 	-1.038	 	-1.145	 	0.983	 	1.970	 	
0.304	 	1.000	 	0.101	 	-0.988	 	-1.039	 	-1.145	 	0.984	 	1.972	 	
0.305	 	1.000	 	0.101	 	-0.989	 	-1.039	 	-1.145	 	0.985	 	1.974	 	
0.306	 	1.000	 	0.101	 	-0.989	 	-1.040	 	-1.146	 	0.986	 	1.975	 	
0.307	 	1.000	 	0.101	 	-0.990	 	-1.041	 	-1.146	 	0.987	 	1.977	 	
0.308	 	1.000	 	0.101	 	-0.991	 	-1.041	 	-1.146	 	0.988	 	1.978	 	
0.309	 	1.000	 	0.101	 	-0.991	 	-1.042	 	-1.146	 	0.989	 	1.980	 	
0.310	 	1.000	 	0.101	 	-0.992	 	-1.042	 	-1.146	 	0.990	 	1.982	 	
0.311	 	1.000	 	0.101	 	-0.992	 	-1.043	 	-1.146	 	0.991	 	1.983	 	
0.312	 	1.000	 	0.101	 	-0.993	 	-1.043	 	-1.147	 	0.992	 	1.985	 	
0.313	 	1.000	 	0.101	 	-0.994	 	-1.044	 	-1.147	 	0.993	 	1.986	 	
0.314	 	1.000	 	0.101	 	-0.994	 	-1.044	 	-1.147	 	0.994	 	1.988	 	
0.315	 	1.000	 	0.101	 	-0.995	 	-1.045	 	-1.147	 	0.995	 	1.990	 	
0.316	 	1.000	 	0.101	 	-0.996	 	-1.045	 	-1.147	 	0.996	 	1.991	 	
0.317	 	1.000	 	0.101	 	-0.996	 	-1.046	 	-1.147	 	0.996	 	1.993	 	
0.318	 	1.000	 	0.101	 	-0.997	 	-1.047	 	-1.147	 	0.997	 	1.994	 	
0.319	 	1.000	 	0.101	 	-0.998	 	-1.047	 	-1.148	 	0.998	 	1.996	 	
0.320	 	1.000	 	0.101	 	-0.998	 	-1.048	 	-1.148	 	0.999	 	1.998	 	
0.321	 	1.000	 	0.102	 	-0.999	 	-1.048	 	-1.148	 	1.000	 	1.999	 	
0.322	 	1.000	 	0.102	 	-1.000	 	-1.049	 	-1.148	 	1.001	 	2.001	 	
0.323	 	1.000	 	0.102	 	-1.000	 	-1.049	 	-1.148	 	1.002	 	2.002	 	
0.324	 	1.000	 	0.102	 	-1.001	 	-1.050	 	-1.148	 	1.003	 	2.004	 	
0.325	 	1.000	 	0.102	 	-1.001	 	-1.050	 	-1.149	 	1.004	 	2.005	 	
0.326	 	1.000	 	0.102	 	-1.002	 	-1.051	 	-1.149	 	1.005	 	2.007	 	
0.327	 	1.000	 	0.102	 	-1.003	 	-1.051	 	-1.149	 	1.006	 	2.008	 	
0.328	 	1.000	 	0.102	 	-1.003	 	-1.052	 	-1.149	 	1.007	 	2.010	 	
0.329	 	1.000	 	0.102	 	-1.004	 	-1.052	 	-1.149	 	1.008	 	2.012	 	
0.330	 	1.000	 	0.102	 	-1.005	 	-1.053	 	-1.149	 	1.009	 	2.013	 	
0.331	 	1.000	 	0.102	 	-1.005	 	-1.053	 	-1.150	 	1.009	 	2.015	 	
0.332	 	1.000	 	0.102	 	-1.006	 	-1.054	 	-1.150	 	1.010	 	2.016	 	
0.333	 	1.000	 	0.102	 	-1.007	 	-1.054	 	-1.150	 	1.011	 	2.018	 	
0.334	 	1.000	 	0.102	 	-1.007	 	-1.055	 	-1.150	 	1.012	 	2.019	 	
0.335	 	1.000	 	0.102	 	-1.008	 	-1.055	 	-1.150	 	1.013	 	2.021	 	
0.336	 	1.000	 	0.102	 	-1.008	 	-1.056	 	-1.150	 	1.014	 	2.022	 	
0.337	 	1.000	 	0.102	 	-1.009	 	-1.056	 	-1.151	 	1.015	 	2.024	 	
0.338	 	1.000	 	0.102	 	-1.010	 	-1.057	 	-1.151	 	1.016	 	2.025	 	
0.339	 	1.000	 	0.102	 	-1.010	 	-1.057	 	-1.151	 	1.017	 	2.027	 	
0.340	 	1.000	 	0.103	 	-1.011	 	-1.058	 	-1.151	 	1.018	 	2.029	 	
0.341	 	1.000	 	0.103	 	-1.012	 	-1.058	 	-1.151	 	1.019	 	2.030	 	
0.342	 	1.000	 	0.103	 	-1.012	 	-1.059	 	-1.151	 	1.019	 	2.032	 	
0.343	 	1.000	 	0.103	 	-1.013	 	-1.059	 	-1.152	 	1.020	 	2.033	 	
0.344	 	1.000	 	0.103	 	-1.013	 	-1.060	 	-1.152	 	1.021	 	2.035	 	
0.345	 	1.000	 	0.103	 	-1.014	 	-1.060	 	-1.152	 	1.022	 	2.036	 	
0.346	 	1.000	 	0.103	 	-1.015	 	-1.061	 	-1.152	 	1.023	 	2.038	 	
0.347	 	1.000	 	0.103	 	-1.015	 	-1.061	 	-1.152	 	1.024	 	2.039	 	
0.348	 	1.000	 	0.103	 	-1.016	 	-1.062	 	-1.152	 	1.025	 	2.041	 	
0.349	 	1.000	 	0.103	 	-1.017	 	-1.062	 	-1.153	 	1.026	 	2.042	 	
0.350	 	1.000	 	0.103	 	-1.017	 	-1.063	 	-1.153	 	1.026	 	2.044	 	
0.351	 	1.000	 	0.103	 	-1.018	 	-1.063	 	-1.153	 	1.027	 	2.045	 	
0.352	 	1.000	 	0.103	 	-1.018	 	-1.064	 	-1.153	 	1.028	 	2.047	 	
0.353	 	1.000	 	0.103	 	-1.019	 	-1.064	 	-1.153	 	1.029	 	2.048	 	
0.354	 	1.000	 	0.103	 	-1.020	 	-1.065	 	-1.154	 	1.030	 	2.050	 	
0.355	 	1.000	 	0.103	 	-1.020	 	-1.065	 	-1.154	 	1.031	 	2.051	 	
0.356	 	1.000	 	0.103	 	-1.021	 	-1.066	 	-1.154	 	1.032	 	2.053	 	
0.357	 	1.000	 	0.103	 	-1.022	 	-1.066	 	-1.154	 	1.033	 	2.054	 	
0.358	 	1.000	 	0.103	 	-1.022	 	-1.067	 	-1.154	 	1.033	 	2.056	 	
0.359	 	1.000	 	0.103	 	-1.023	 	-1.067	 	-1.154	 	1.034	 	2.057	 	
0.360	 	1.000	 	0.104	 	-1.023	 	-1.068	 	-1.155	 	1.035	 	2.059	 	
0.361	 	1.000	 	0.104	 	-1.024	 	-1.068	 	-1.155	 	1.036	 	2.060	 	
0.362	 	1.000	 	0.104	 	-1.025	 	-1.069	 	-1.155	 	1.037	 	2.062	 	
0.363	 	1.000	 	0.104	 	-1.025	 	-1.069	 	-1.155	 	1.038	 	2.063	 	
0.364	 	1.000	 	0.104	 	-1.026	 	-1.070	 	-1.155	 	1.039	 	2.064	 	
0.365	 	1.000	 	0.104	 	-1.027	 	-1.070	 	-1.156	 	1.039	 	2.066	 	
0.366	 	1.000	 	0.104	 	-1.027	 	-1.070	 	-1.156	 	1.040	 	2.067	 	
0.367	 	1.000	 	0.104	 	-1.028	 	-1.071	 	-1.156	 	1.041	 	2.069	 	
0.368	 	1.000	 	0.104	 	-1.028	 	-1.071	 	-1.156	 	1.042	 	2.070	 	
0.369	 	1.000	 	0.104	 	-1.029	 	-1.072	 	-1.156	 	1.043	 	2.072	 	
0.370	 	1.000	 	0.104	 	-1.030	 	-1.072	 	-1.157	 	1.044	 	2.073	 	
0.371	 	1.000	 	0.104	 	-1.030	 	-1.073	 	-1.157	 	1.044	 	2.075	 	
0.372	 	1.000	 	0.104	 	-1.031	 	-1.073	 	-1.157	 	1.045	 	2.076	 	
0.373	 	1.000	 	0.104	 	-1.031	 	-1.074	 	-1.157	 	1.046	 	2.078	 	
0.374	 	1.000	 	0.104	 	-1.032	 	-1.074	 	-1.157	 	1.047	 	2.079	 	
0.375	 	1.000	 	0.104	 	-1.033	 	-1.074	 	-1.158	 	1.048	 	2.081	 	
0.376	 	1.000	 	0.104	 	-1.033	 	-1.075	 	-1.158	 	1.049	 	2.082	 	
0.377	 	1.000	 	0.104	 	-1.034	 	-1.075	 	-1.158	 	1.049	 	2.083	 	
0.378	 	1.000	 	0.104	 	-1.035	 	-1.076	 	-1.158	 	1.050	 	2.085	 	
0.379	 	1.000	 	0.104	 	-1.035	 	-1.076	 	-1.158	 	1.051	 	2.086	 	
0.380	 	1.000	 	0.104	 	-1.036	 	-1.077	 	-1.159	 	1.052	 	2.088	 	
0.381	 	1.000	 	0.105	 	-1.036	 	-1.077	 	-1.159	 	1.053	 	2.089	 	
0.382	 	1.000	 	0.105	 	-1.037	 	-1.077	 	-1.159	 	1.054	 	2.091	 	
0.383	 	1.000	 	0.105	 	-1.038	 	-1.078	 	-1.159	 	1.054	 	2.092	 	
0.384	 	1.000	 	0.105	 	-1.038	 	-1.078	 	-1.159	 	1.055	 	2.093	 	
0.385	 	1.000	 	0.105	 	-1.039	 	-1.079	 	-1.160	 	1.056	 	2.095	 	
0.386	 	1.000	 	0.105	 	-1.039	 	-1.079	 	-1.160	 	1.057	 	2.096	 	
0.387	 	1.000	 	0.105	 	-1.040	 	-1.080	 	-1.160	 	1.058	 	2.098	 	
0.388	 	1.000	 	0.105	 	-1.041	 	-1.080	 	-1.160	 	1.058	 	2.099	 	
0.389	 	1.000	 	0.105	 	-1.041	 	-1.080	 	-1.161	 	1.059	 	2.100	 	
0.390	 	1.000	 	0.105	 	-1.042	 	-1.081	 	-1.161	 	1.060	 	2.102	 	
0.391	 	1.000	 	0.105	 	-1.042	 	-1.081	 	-1.161	 	1.061	 	2.103	 	
0.392	 	1.000	 	0.105	 	-1.043	 	-1.082	 	-1.161	 	1.062	 	2.105	 	
0.393	 	1.000	 	0.105	 	-1.044	 	-1.082	 	-1.161	 	1.062	 	2.106	 	
0.394	 	1.000	 	0.105	 	-1.044	 	-1.082	 	-1.162	 	1.063	 	2.107	 	
0.395	 	1.000	 	0.105	 	-1.045	 	-1.083	 	-1.162	 	1.064	 	2.109	 	
0.396	 	1.000	 	0.105	 	-1.045	 	-1.083	 	-1.162	 	1.065	 	2.110	 	
0.397	 	1.000	 	0.105	 	-1.046	 	-1.083	 	-1.162	 	1.066	 	2.112	 	
0.398	 	1.000	 	0.105	 	-1.047	 	-1.084	 	-1.163	 	1.066	 	2.113	 	
0.399	 	1.000	 	0.105	 	-1.047	 	-1.084	 	-1.163	 	1.067	 	2.114	 	
0.400	 	1.000	 	0.105	 	-1.048	 	-1.085	 	-1.163	 	1.068	 	2.116	 	
0.401	 	1.000	 	0.105	 	-1.048	 	-1.085	 	-1.163	 	1.069	 	2.117	 	
0.402	 	1.000	 	0.105	 	-1.049	 	-1.085	 	-1.164	 	1.070	 	2.119	 	
0.403	 	1.000	 	0.106	 	-1.050	 	-1.086	 	-1.164	 	1.070	 	2.120	 	
0.404	 	1.000	 	0.106	 	-1.050	 	-1.086	 	-1.164	 	1.071	 	2.121	 	
0.405	 	1.000	 	0.106	 	-1.051	 	-1.086	 	-1.164	 	1.072	 	2.123	 	
0.406	 	1.000	 	0.106	 	-1.051	 	-1.087	 	-1.165	 	1.073	 	2.124	 	
0.407	 	1.000	 	0.106	 	-1.052	 	-1.087	 	-1.165	 	1.073	 	2.125	 	
0.408	 	1.000	 	0.106	 	-1.053	 	-1.087	 	-1.165	 	1.074	 	2.127	 	
0.409	 	1.000	 	0.106	 	-1.053	 	-1.088	 	-1.165	 	1.075	 	2.128	 	
0.410	 	1.000	 	0.106	 	-1.054	 	-1.088	 	-1.166	 	1.076	 	2.130	 	
0.411	 	1.000	 	0.106	 	-1.054	 	-1.088	 	-1.166	 	1.076	 	2.131	 	
0.412	 	1.000	 	0.106	 	-1.055	 	-1.089	 	-1.166	 	1.077	 	2.132	 	
0.413	 	1.000	 	0.106	 	-1.056	 	-1.089	 	-1.166	 	1.078	 	2.134	 	
0.414	 	1.000	 	0.106	 	-1.056	 	-1.089	 	-1.167	 	1.079	 	2.135	 	
0.415	 	1.000	 	0.106	 	-1.057	 	-1.090	 	-1.167	 	1.079	 	2.136	 	
0.416	 	1.000	 	0.106	 	-1.057	 	-1.090	 	-1.167	 	1.080	 	2.138	 	
0.417	 	1.000	 	0.106	 	-1.058	 	-1.090	 	-1.168	 	1.081	 	2.139	 	
0.418	 	1.000	 	0.106	 	-1.059	 	-1.091	 	-1.168	 	1.082	 	2.140	 	
0.419	 	1.000	 	0.106	 	-1.059	 	-1.091	 	-1.168	 	1.082	 	2.142	 	
0.420	 	1.000	 	0.106	 	-1.060	 	-1.091	 	-1.168	 	1.083	 	2.143	 	
0.421	 	1.000	 	0.106	 	-1.060	 	-1.092	 	-1.169	 	1.084	 	2.144	 	
0.422	 	1.000	 	0.106	 	-1.061	 	-1.092	 	-1.169	 	1.085	 	2.146	 	
0.423	 	1.000	 	0.106	 	-1.062	 	-1.092	 	-1.169	 	1.085	 	2.147	 	
0.424	 	1.000	 	0.106	 	-1.062	 	-1.093	 	-1.170	 	1.086	 	2.148	 	
0.425	 	1.000	 	0.106	 	-1.063	 	-1.093	 	-1.170	 	1.087	 	2.150	 	
0.426	 	1.000	 	0.107	 	-1.063	 	-1.093	 	-1.170	 	1.088	 	2.151	 	
0.427	 	1.000	 	0.107	 	-1.064	 	-1.093	 	-1.170	 	1.088	 	2.152	 	
0.428	 	1.000	 	0.107	 	-1.065	 	-1.094	 	-1.171	 	1.089	 	2.154	 	
0.429	 	1.000	 	0.107	 	-1.065	 	-1.094	 	-1.171	 	1.090	 	2.155	 	
0.430	 	1.000	 	0.107	 	-1.066	 	-1.094	 	-1.171	 	1.091	 	2.156	 	
0.431	 	1.000	 	0.107	 	-1.066	 	-1.095	 	-1.172	 	1.091	 	2.158	 	
0.432	 	1.000	 	0.107	 	-1.067	 	-1.095	 	-1.172	 	1.092	 	2.159	 	
0.433	 	1.000	 	0.107	 	-1.067	 	-1.095	 	-1.172	 	1.093	 	2.160	 	
0.434	 	1.000	 	0.107	 	-1.068	 	-1.095	 	-1.173	 	1.093	 	2.161	 	
0.435	 	1.000	 	0.107	 	-1.069	 	-1.096	 	-1.173	 	1.094	 	2.163	 	
0.436	 	1.000	 	0.107	 	-1.069	 	-1.096	 	-1.173	 	1.095	 	2.164	 	
0.437	 	1.000	 	0.107	 	-1.070	 	-1.096	 	-1.174	 	1.096	 	2.165	 	
0.438	 	1.000	 	0.107	 	-1.070	 	-1.096	 	-1.174	 	1.096	 	2.167	 	
0.439	 	1.000	 	0.107	 	-1.071	 	-1.097	 	-1.174	 	1.097	 	2.168	 	
0.440	 	1.000	 	0.107	 	-1.072	 	-1.097	 	-1.175	 	1.098	 	2.169	 	
0.441	 	1.000	 	0.107	 	-1.072	 	-1.097	 	-1.175	 	1.098	 	2.170	 	
0.442	 	1.000	 	0.107	 	-1.073	 	-1.097	 	-1.175	 	1.099	 	2.172	 	
0.443	 	1.000	 	0.107	 	-1.073	 	-1.098	 	-1.176	 	1.100	 	2.173	 	
0.444	 	1.000	 	0.107	 	-1.074	 	-1.098	 	-1.176	 	1.100	 	2.174	 	
0.445	 	1.000	 	0.107	 	-1.074	 	-1.098	 	-1.176	 	1.101	 	2.176	 	
0.446	 	1.000	 	0.107	 	-1.075	 	-1.098	 	-1.177	 	1.102	 	2.177	 	
0.447	 	1.000	 	0.107	 	-1.076	 	-1.098	 	-1.177	 	1.103	 	2.178	 	
0.448	 	1.000	 	0.107	 	-1.076	 	-1.099	 	-1.177	 	1.103	 	2.179	 	
0.449	 	1.000	 	0.107	 	-1.077	 	-1.099	 	-1.178	 	1.104	 	2.181	 	
0.450	 	1.000	 	0.108	 	-1.077	 	-1.099	 	-1.178	 	1.105	 	2.182	 	
0.451	 	1.000	 	0.108	 	-1.078	 	-1.099	 	-1.178	 	1.105	 	2.183	 	
0.452	 	1.000	 	0.108	 	-1.078	 	-1.099	 	-1.179	 	1.106	 	2.184	 	
0.453	 	1.000	 	0.108	 	-1.079	 	-1.100	 	-1.179	 	1.107	 	2.186	 	
0.454	 	1.000	 	0.108	 	-1.080	 	-1.100	 	-1.179	 	1.107	 	2.187	 	
0.455	 	1.000	 	0.108	 	-1.080	 	-1.100	 	-1.180	 	1.108	 	2.188	 	
0.456	 	1.000	 	0.108	 	-1.081	 	-1.100	 	-1.180	 	1.109	 	2.189	 	
0.457	 	1.000	 	0.108	 	-1.081	 	-1.100	 	-1.181	 	1.109	 	2.191	 	
0.458	 	1.000	 	0.108	 	-1.082	 	-1.100	 	-1.181	 	1.110	 	2.192	 	
0.459	 	1.000	 	0.108	 	-1.082	 	-1.101	 	-1.181	 	1.111	 	2.193	 	
0.460	 	1.000	 	0.108	 	-1.083	 	-1.101	 	-1.182	 	1.111	 	2.194	 	
0.461	 	1.000	 	0.108	 	-1.084	 	-1.101	 	-1.182	 	1.112	 	2.196	 	
0.462	 	1.000	 	0.108	 	-1.084	 	-1.101	 	-1.183	 	1.113	 	2.197	 	
0.463	 	1.000	 	0.108	 	-1.085	 	-1.101	 	-1.183	 	1.113	 	2.198	 	
0.464	 	1.000	 	0.108	 	-1.085	 	-1.101	 	-1.183	 	1.114	 	2.199	 	
0.465	 	1.000	 	0.108	 	-1.086	 	-1.102	 	-1.184	 	1.115	 	2.201	 	
0.466	 	1.000	 	0.108	 	-1.086	 	-1.102	 	-1.184	 	1.115	 	2.202	 	
0.467	 	1.000	 	0.108	 	-1.087	 	-1.102	 	-1.185	 	1.116	 	2.203	 	
0.468	 	1.000	 	0.108	 	-1.088	 	-1.102	 	-1.185	 	1.117	 	2.204	 	
0.469	 	1.000	 	0.108	 	-1.088	 	-1.102	 	-1.185	 	1.117	 	2.205	 	
0.470	 	1.000	 	0.108	 	-1.089	 	-1.102	 	-1.186	 	1.118	 	2.207	 	
0.471	 	1.000	 	0.108	 	-1.089	 	-1.102	 	-1.186	 	1.119	 	2.208	 	
0.472	 	1.000	 	0.108	 	-1.090	 	-1.102	 	-1.187	 	1.119	 	2.209	 	
0.473	 	1.000	 	0.108	 	-1.090	 	-1.103	 	-1.187	 	1.120	 	2.210	 	
0.474	 	1.000	 	0.108	 	-1.091	 	-1.103	 	-1.187	 	1.120	 	2.211	 	
0.475	 	1.000	 	0.108	 	-1.092	 	-1.103	 	-1.188	 	1.121	 	2.213	 	
0.476	 	1.000	 	0.109	 	-1.092	 	-1.103	 	-1.188	 	1.122	 	2.214	 	
0.477	 	1.000	 	0.109	 	-1.093	 	-1.103	 	-1.189	 	1.122	 	2.215	 	
0.478	 	1.000	 	0.109	 	-1.093	 	-1.103	 	-1.189	 	1.123	 	2.216	 	
0.479	 	1.000	 	0.109	 	-1.094	 	-1.103	 	-1.190	 	1.124	 	2.217	 	
0.480	 	1.000	 	0.109	 	-1.094	 	-1.103	 	-1.190	 	1.124	 	2.219	 	
0.481	 	1.000	 	0.109	 	-1.095	 	-1.103	 	-1.191	 	1.125	 	2.220	 	
0.482	 	1.000	 	0.109	 	-1.096	 	-1.103	 	-1.191	 	1.126	 	2.221	 	
0.483	 	1.000	 	0.109	 	-1.096	 	-1.103	 	-1.191	 	1.126	 	2.222	 	
0.484	 	1.000	 	0.109	 	-1.097	 	-1.104	 	-1.192	 	1.127	 	2.223	 	
0.485	 	1.000	 	0.109	 	-1.097	 	-1.104	 	-1.192	 	1.127	 	2.225	 	
0.486	 	1.000	 	0.109	 	-1.098	 	-1.104	 	-1.193	 	1.128	 	2.226	 	
0.487	 	1.000	 	0.109	 	-1.098	 	-1.104	 	-1.193	 	1.129	 	2.227	 	
0.488	 	1.000	 	0.109	 	-1.099	 	-1.104	 	-1.194	 	1.129	 	2.228	 	
0.489	 	1.000	 	0.109	 	-1.099	 	-1.104	 	-1.194	 	1.130	 	2.229	 	
0.490	 	1.000	 	0.109	 	-1.100	 	-1.104	 	-1.195	 	1.130	 	2.230	 	
0.491	 	1.000	 	0.109	 	-1.101	 	-1.104	 	-1.195	 	1.131	 	2.232	 	
0.492	 	1.000	 	0.109	 	-1.101	 	-1.104	 	-1.196	 	1.132	 	2.233	 	
0.493	 	1.000	 	0.109	 	-1.102	 	-1.104	 	-1.196	 	1.132	 	2.234	 	
0.494	 	1.000	 	0.109	 	-1.102	 	-1.104	 	-1.197	 	1.133	 	2.235	 	
0.495	 	1.000	 	0.109	 	-1.103	 	-1.104	 	-1.197	 	1.133	 	2.236	 	
0.496	 	1.000	 	0.109	 	-1.103	 	-1.104	 	-1.198	 	1.134	 	2.237	 	
0.497	 	1.000	 	0.109	 	-1.104	 	-1.104	 	-1.198	 	1.135	 	2.239	 	
0.498	 	1.000	 	0.109	 	-1.104	 	-1.104	 	-1.198	 	1.135	 	2.239	 	
0.499	 	1.000	 	0.109	 	-1.105	 	-1.104	 	-1.199	 	1.136	 	2.240	 	
0.500	 	1.000	 	0.109	 	-1.106	 	-1.104	 	-1.199	 	1.136	 	2.241	 	
0.501	 	1.000	 	0.109	 	-1.106	 	-1.104	 	-1.200	 	1.137	 	2.241	 	
0.502	 	1.000	 	0.109	 	-1.107	 	-1.104	 	-1.200	 	1.138	 	2.242	 	
0.503	 	1.000	 	0.109	 	-1.107	 	-1.104	 	-1.201	 	1.138	 	2.242	 	
0.504	 	1.000	 	0.110	 	-1.108	 	-1.104	 	-1.201	 	1.139	 	2.243	 	
0.505	 	1.000	 	0.110	 	-1.108	 	-1.104	 	-1.202	 	1.139	 	2.244	 	
0.506	 	1.000	 	0.110	 	-1.109	 	-1.104	 	-1.202	 	1.140	 	2.244	 	
0.507	 	1.000	 	0.110	 	-1.109	 	-1.104	 	-1.203	 	1.140	 	2.245	 	
0.508	 	1.000	 	0.110	 	-1.110	 	-1.104	 	-1.203	 	1.141	 	2.245	 	
0.509	 	1.000	 	0.110	 	-1.110	 	-1.104	 	-1.204	 	1.142	 	2.246	 	
0.510	 	1.000	 	0.110	 	-1.111	 	-1.104	 	-1.204	 	1.142	 	2.246	 	
0.511	 	1.000	 	0.110	 	-1.112	 	-1.104	 	-1.205	 	1.143	 	2.247	 	
0.512	 	1.000	 	0.110	 	-1.112	 	-1.104	 	-1.205	 	1.143	 	2.248	 	
0.513	 	1.000	 	0.110	 	-1.113	 	-1.104	 	-1.206	 	1.144	 	2.248	 	
0.514	 	1.000	 	0.110	 	-1.113	 	-1.104	 	-1.206	 	1.144	 	2.249	 	
0.515	 	1.000	 	0.110	 	-1.114	 	-1.104	 	-1.207	 	1.145	 	2.249	 	
0.516	 	1.000	 	0.110	 	-1.114	 	-1.104	 	-1.207	 	1.146	 	2.250	 	
0.517	 	1.000	 	0.110	 	-1.115	 	-1.104	 	-1.208	 	1.146	 	2.250	 	
0.518	 	1.000	 	0.110	 	-1.115	 	-1.104	 	-1.209	 	1.147	 	2.251	 	
0.519	 	1.000	 	0.110	 	-1.116	 	-1.104	 	-1.209	 	1.147	 	2.251	 	
0.520	 	1.000	 	0.110	 	-1.116	 	-1.104	 	-1.210	 	1.148	 	2.252	 	
0.521	 	1.000	 	0.110	 	-1.117	 	-1.104	 	-1.210	 	1.148	 	2.252	 	
0.522	 	1.000	 	0.110	 	-1.118	 	-1.104	 	-1.211	 	1.149	 	2.253	 	
0.523	 	1.000	 	0.110	 	-1.118	 	-1.104	 	-1.211	 	1.149	 	2.253	 	
0.524	 	1.000	 	0.110	 	-1.119	 	-1.104	 	-1.212	 	1.150	 	2.254	 	
0.525	 	1.000	 	0.110	 	-1.119	 	-1.104	 	-1.212	 	1.150	 	2.254	 	
0.526	 	1.000	 	0.110	 	-1.120	 	-1.104	 	-1.213	 	1.151	 	2.255	 	
0.527	 	1.000	 	0.110	 	-1.120	 	-1.104	 	-1.213	 	1.152	 	2.255	 	
0.528	 	1.000	 	0.110	 	-1.121	 	-1.104	 	-1.214	 	1.152	 	2.256	 	
0.529	 	1.000	 	0.110	 	-1.121	 	-1.104	 	-1.214	 	1.153	 	2.256	 	
0.530	 	1.000	 	0.110	 	-1.122	 	-1.104	 	-1.215	 	1.153	 	2.257	 	
0.531	 	1.000	 	0.110	 	-1.122	 	-1.103	 	-1.215	 	1.154	 	2.257	 	
0.532	 	1.000	 	0.110	 	-1.123	 	-1.103	 	-1.216	 	1.154	 	2.258	 	
0.533	 	1.000	 	0.110	 	-1.123	 	-1.103	 	-1.216	 	1.155	 	2.258	 	
0.534	 	1.000	 	0.111	 	-1.124	 	-1.103	 	-1.217	 	1.155	 	2.258	 	
0.535	 	1.000	 	0.111	 	-1.125	 	-1.103	 	-1.218	 	1.156	 	2.259	 	
0.536	 	1.000	 	0.111	 	-1.125	 	-1.103	 	-1.218	 	1.156	 	2.259	 	
0.537	 	1.000	 	0.111	 	-1.126	 	-1.103	 	-1.219	 	1.157	 	2.260	 	
0.538	 	1.000	 	0.111	 	-1.126	 	-1.103	 	-1.219	 	1.157	 	2.260	 	
0.539	 	1.000	 	0.111	 	-1.127	 	-1.103	 	-1.220	 	1.158	 	2.261	 	
0.540	 	1.000	 	0.111	 	-1.127	 	-1.103	 	-1.220	 	1.158	 	2.261	 	
0.541	 	1.000	 	0.111	 	-1.128	 	-1.103	 	-1.221	 	1.159	 	2.262	 	
0.542	 	1.000	 	0.111	 	-1.128	 	-1.103	 	-1.221	 	1.159	 	2.262	 	
0.543	 	1.000	 	0.111	 	-1.129	 	-1.102	 	-1.222	 	1.160	 	2.262	 	
0.544	 	1.000	 	0.111	 	-1.129	 	-1.102	 	-1.222	 	1.160	 	2.263	 	
0.545	 	1.000	 	0.111	 	-1.130	 	-1.102	 	-1.223	 	1.161	 	2.263	 	
0.546	 	1.000	 	0.111	 	-1.130	 	-1.102	 	-1.224	 	1.161	 	2.264	 	
0.547	 	1.000	 	0.111	 	-1.131	 	-1.102	 	-1.224	 	1.162	 	2.264	 	
0.548	 	1.000	 	0.111	 	-1.131	 	-1.102	 	-1.225	 	1.162	 	2.264	 	
0.549	 	1.000	 	0.111	 	-1.132	 	-1.102	 	-1.225	 	1.163	 	2.265	 	
0.550	 	1.000	 	0.111	 	-1.132	 	-1.102	 	-1.226	 	1.163	 	2.265	 	
0.551	 	1.000	 	0.111	 	-1.133	 	-1.102	 	-1.226	 	1.164	 	2.266	 	
0.552	 	1.000	 	0.111	 	-1.134	 	-1.102	 	-1.227	 	1.164	 	2.266	 	
0.553	 	1.000	 	0.111	 	-1.134	 	-1.101	 	-1.227	 	1.165	 	2.266	 	
0.554	 	1.000	 	0.111	 	-1.135	 	-1.101	 	-1.228	 	1.165	 	2.267	 	
0.555	 	1.000	 	0.111	 	-1.135	 	-1.101	 	-1.229	 	1.166	 	2.267	 	
0.556	 	1.000	 	0.111	 	-1.136	 	-1.101	 	-1.229	 	1.166	 	2.267	 	
0.557	 	1.000	 	0.111	 	-1.136	 	-1.101	 	-1.230	 	1.167	 	2.268	 	
0.558	 	1.000	 	0.111	 	-1.137	 	-1.101	 	-1.230	 	1.167	 	2.268	 	
0.559	 	1.000	 	0.111	 	-1.137	 	-1.101	 	-1.231	 	1.168	 	2.268	 	
0.560	 	1.000	 	0.111	 	-1.138	 	-1.101	 	-1.231	 	1.168	 	2.269	 	
0.561	 	1.000	 	0.111	 	-1.138	 	-1.101	 	-1.232	 	1.169	 	2.269	 	
0.562	 	1.000	 	0.111	 	-1.139	 	-1.100	 	-1.232	 	1.169	 	2.270	 	
0.563	 	1.000	 	0.111	 	-1.139	 	-1.100	 	-1.233	 	1.170	 	2.270	 	
0.564	 	1.000	 	0.111	 	-1.140	 	-1.100	 	-1.234	 	1.170	 	2.270	 	
0.565	 	1.000	 	0.111	 	-1.140	 	-1.100	 	-1.234	 	1.171	 	2.271	 	
0.566	 	1.000	 	0.111	 	-1.141	 	-1.100	 	-1.235	 	1.171	 	2.271	 	
0.567	 	1.000	 	0.111	 	-1.141	 	-1.100	 	-1.235	 	1.171	 	2.271	 	
0.568	 	1.000	 	0.112	 	-1.142	 	-1.100	 	-1.236	 	1.172	 	2.272	 	
0.569	 	1.000	 	0.112	 	-1.142	 	-1.100	 	-1.236	 	1.172	 	2.272	 	
0.570	 	1.000	 	0.112	 	-1.143	 	-1.099	 	-1.237	 	1.173	 	2.272	 	
0.571	 	1.000	 	0.112	 	-1.143	 	-1.099	 	-1.238	 	1.173	 	2.272	 	
0.572	 	1.000	 	0.112	 	-1.144	 	-1.099	 	-1.238	 	1.174	 	2.273	 	
0.573	 	1.000	 	0.112	 	-1.144	 	-1.099	 	-1.239	 	1.174	 	2.273	 	
0.574	 	1.000	 	0.112	 	-1.145	 	-1.099	 	-1.239	 	1.175	 	2.273	 	
0.575	 	1.000	 	0.112	 	-1.145	 	-1.099	 	-1.240	 	1.175	 	2.274	 	
0.576	 	1.000	 	0.112	 	-1.146	 	-1.099	 	-1.240	 	1.175	 	2.274	 	
0.577	 	1.000	 	0.112	 	-1.146	 	-1.098	 	-1.241	 	1.176	 	2.274	 	
0.578	 	1.000	 	0.112	 	-1.147	 	-1.098	 	-1.241	 	1.176	 	2.275	 	
0.579	 	1.000	 	0.112	 	-1.147	 	-1.098	 	-1.242	 	1.177	 	2.275	 	
0.580	 	1.000	 	0.112	 	-1.148	 	-1.098	 	-1.243	 	1.177	 	2.275	 	
0.581	 	1.000	 	0.112	 	-1.149	 	-1.098	 	-1.243	 	1.178	 	2.275	 	
0.582	 	1.000	 	0.112	 	-1.149	 	-1.098	 	-1.244	 	1.178	 	2.276	 	
0.583	 	1.000	 	0.112	 	-1.150	 	-1.097	 	-1.244	 	1.178	 	2.276	 	
0.584	 	1.000	 	0.112	 	-1.150	 	-1.097	 	-1.245	 	1.179	 	2.276	 	
0.585	 	1.000	 	0.112	 	-1.151	 	-1.097	 	-1.245	 	1.179	 	2.277	 	
0.586	 	1.000	 	0.112	 	-1.151	 	-1.097	 	-1.246	 	1.180	 	2.277	 	
0.587	 	1.000	 	0.112	 	-1.152	 	-1.097	 	-1.247	 	1.180	 	2.277	 	
0.588	 	1.000	 	0.112	 	-1.152	 	-1.097	 	-1.247	 	1.181	 	2.277	 	
0.589	 	1.000	 	0.112	 	-1.153	 	-1.097	 	-1.248	 	1.181	 	2.278	 	
0.590	 	1.000	 	0.112	 	-1.153	 	-1.096	 	-1.248	 	1.181	 	2.278	 	
0.591	 	1.000	 	0.112	 	-1.154	 	-1.096	 	-1.249	 	1.182	 	2.278	 	
0.592	 	1.000	 	0.112	 	-1.154	 	-1.096	 	-1.249	 	1.182	 	2.278	 	
0.593	 	1.000	 	0.112	 	-1.155	 	-1.096	 	-1.250	 	1.183	 	2.279	 	
0.594	 	1.000	 	0.112	 	-1.155	 	-1.096	 	-1.250	 	1.183	 	2.279	 	
0.595	 	1.000	 	0.112	 	-1.156	 	-1.096	 	-1.251	 	1.183	 	2.279	 	
0.596	 	1.000	 	0.112	 	-1.156	 	-1.095	 	-1.252	 	1.184	 	2.279	 	
0.597	 	1.000	 	0.112	 	-1.157	 	-1.095	 	-1.252	 	1.184	 	2.279	 	
0.598	 	1.000	 	0.112	 	-1.157	 	-1.095	 	-1.253	 	1.185	 	2.280	 	
0.599	 	1.000	 	0.112	 	-1.158	 	-1.095	 	-1.253	 	1.185	 	2.280	 	
0.600	 	1.000	 	0.112	 	-1.158	 	-1.095	 	-1.254	 	1.185	 	2.280	 	
0.601	 	1.000	 	0.112	 	-1.159	 	-1.095	 	-1.254	 	1.186	 	2.280	 	
0.602	 	1.000	 	0.112	 	-1.159	 	-1.094	 	-1.255	 	1.186	 	2.281	 	
0.603	 	1.000	 	0.112	 	-1.160	 	-1.094	 	-1.256	 	1.187	 	2.281	 	
0.604	 	1.000	 	0.112	 	-1.160	 	-1.094	 	-1.256	 	1.187	 	2.281	 	
0.605	 	1.000	 	0.112	 	-1.161	 	-1.094	 	-1.257	 	1.187	 	2.281	 	
0.606	 	1.000	 	0.112	 	-1.161	 	-1.094	 	-1.257	 	1.188	 	2.281	 	
0.607	 	1.000	 	0.113	 	-1.162	 	-1.093	 	-1.258	 	1.188	 	2.282	 	
0.608	 	1.000	 	0.113	 	-1.162	 	-1.093	 	-1.258	 	1.189	 	2.282	 	
0.609	 	1.000	 	0.113	 	-1.163	 	-1.093	 	-1.259	 	1.189	 	2.282	 	
0.610	 	1.000	 	0.113	 	-1.163	 	-1.093	 	-1.259	 	1.189	 	2.282	 	
0.611	 	1.000	 	0.113	 	-1.164	 	-1.093	 	-1.260	 	1.190	 	2.282	 	
0.612	 	1.000	 	0.113	 	-1.164	 	-1.093	 	-1.261	 	1.190	 	2.283	 	
0.613	 	1.000	 	0.113	 	-1.165	 	-1.092	 	-1.261	 	1.190	 	2.283	 	
0.614	 	1.000	 	0.113	 	-1.165	 	-1.092	 	-1.262	 	1.191	 	2.283	 	
0.615	 	1.000	 	0.113	 	-1.166	 	-1.092	 	-1.262	 	1.191	 	2.283	 	
0.616	 	1.000	 	0.113	 	-1.166	 	-1.092	 	-1.263	 	1.192	 	2.283	 	
0.617	 	1.000	 	0.113	 	-1.167	 	-1.092	 	-1.263	 	1.192	 	2.283	 	
0.618	 	1.000	 	0.113	 	-1.167	 	-1.091	 	-1.264	 	1.192	 	2.284	 	
0.619	 	1.000	 	0.113	 	-1.167	 	-1.091	 	-1.265	 	1.193	 	2.284	 	
0.620	 	1.000	 	0.113	 	-1.168	 	-1.091	 	-1.265	 	1.193	 	2.284	 	
0.621	 	1.000	 	0.113	 	-1.168	 	-1.091	 	-1.266	 	1.193	 	2.284	 	
0.622	 	1.000	 	0.113	 	-1.169	 	-1.091	 	-1.266	 	1.194	 	2.284	 	
0.623	 	1.000	 	0.113	 	-1.169	 	-1.090	 	-1.267	 	1.194	 	2.284	 	
0.624	 	1.000	 	0.113	 	-1.170	 	-1.090	 	-1.267	 	1.194	 	2.285	 	
0.625	 	1.000	 	0.113	 	-1.170	 	-1.090	 	-1.268	 	1.195	 	2.285	 	
0.626	 	1.000	 	0.113	 	-1.171	 	-1.090	 	-1.268	 	1.195	 	2.285	 	
0.627	 	1.000	 	0.113	 	-1.171	 	-1.090	 	-1.269	 	1.195	 	2.285	 	
0.628	 	1.000	 	0.113	 	-1.172	 	-1.089	 	-1.269	 	1.196	 	2.285	 	
0.629	 	1.000	 	0.113	 	-1.172	 	-1.089	 	-1.270	 	1.196	 	2.285	 	
0.630	 	1.000	 	0.113	 	-1.173	 	-1.089	 	-1.271	 	1.196	 	2.285	 	
0.631	 	1.000	 	0.113	 	-1.173	 	-1.089	 	-1.271	 	1.197	 	2.286	 	
0.632	 	1.000	 	0.113	 	-1.174	 	-1.089	 	-1.272	 	1.197	 	2.286	 	
0.633	 	1.000	 	0.113	 	-1.174	 	-1.088	 	-1.272	 	1.197	 	2.286	 	
0.634	 	1.000	 	0.113	 	-1.175	 	-1.088	 	-1.273	 	1.198	 	2.286	 	
0.635	 	1.000	 	0.113	 	-1.175	 	-1.088	 	-1.273	 	1.198	 	2.286	 	
0.636	 	1.000	 	0.113	 	-1.176	 	-1.088	 	-1.274	 	1.198	 	2.286	 	
0.637	 	1.000	 	0.113	 	-1.176	 	-1.088	 	-1.274	 	1.199	 	2.286	 	
0.638	 	1.000	 	0.113	 	-1.177	 	-1.087	 	-1.275	 	1.199	 	2.286	 	
0.639	 	1.000	 	0.113	 	-1.177	 	-1.087	 	-1.276	 	1.199	 	2.287	 	
0.640	 	1.000	 	0.113	 	-1.178	 	-1.087	 	-1.276	 	1.200	 	2.287	 	
0.641	 	1.000	 	0.113	 	-1.178	 	-1.087	 	-1.277	 	1.200	 	2.287	 	
0.642	 	1.000	 	0.113	 	-1.179	 	-1.087	 	-1.277	 	1.200	 	2.287	 	
0.643	 	1.000	 	0.113	 	-1.179	 	-1.086	 	-1.278	 	1.201	 	2.287	 	
0.644	 	1.000	 	0.113	 	-1.180	 	-1.086	 	-1.278	 	1.201	 	2.287	 	
0.645	 	1.000	 	0.113	 	-1.180	 	-1.086	 	-1.279	 	1.201	 	2.287	 	
0.646	 	1.000	 	0.113	 	-1.180	 	-1.086	 	-1.279	 	1.201	 	2.287	 	
0.647	 	1.000	 	0.113	 	-1.181	 	-1.086	 	-1.280	 	1.202	 	2.287	 	
0.648	 	1.000	 	0.113	 	-1.181	 	-1.085	 	-1.280	 	1.202	 	2.287	 	
0.649	 	1.000	 	0.113	 	-1.182	 	-1.085	 	-1.281	 	1.202	 	2.288	 	
0.650	 	1.000	 	0.113	 	-1.182	 	-1.085	 	-1.282	 	1.203	 	2.288	 	
0.651	 	1.000	 	0.113	 	-1.183	 	-1.085	 	-1.282	 	1.203	 	2.288	 	
0.652	 	1.000	 	0.113	 	-1.183	 	-1.085	 	-1.283	 	1.203	 	2.288	 	
0.653	 	1.000	 	0.114	 	-1.184	 	-1.084	 	-1.283	 	1.204	 	2.288	 	
0.654	 	1.000	 	0.114	 	-1.184	 	-1.084	 	-1.284	 	1.204	 	2.288	 	
0.655	 	1.000	 	0.114	 	-1.185	 	-1.084	 	-1.284	 	1.204	 	2.288	 	
0.656	 	1.000	 	0.114	 	-1.185	 	-1.084	 	-1.285	 	1.204	 	2.288	 	
0.657	 	1.000	 	0.114	 	-1.186	 	-1.083	 	-1.285	 	1.205	 	2.288	 	
0.658	 	1.000	 	0.114	 	-1.186	 	-1.083	 	-1.286	 	1.205	 	2.288	 	
0.659	 	1.000	 	0.114	 	-1.187	 	-1.083	 	-1.286	 	1.205	 	2.288	 	
0.660	 	1.000	 	0.114	 	-1.187	 	-1.083	 	-1.287	 	1.206	 	2.288	 	
0.661	 	1.000	 	0.114	 	-1.188	 	-1.083	 	-1.287	 	1.206	 	2.288	 	
0.662	 	1.000	 	0.114	 	-1.188	 	-1.082	 	-1.288	 	1.206	 	2.288	 	
0.663	 	1.000	 	0.114	 	-1.188	 	-1.082	 	-1.289	 	1.206	 	2.289	 	
0.664	 	1.000	 	0.114	 	-1.189	 	-1.082	 	-1.289	 	1.207	 	2.289	 	
0.665	 	1.000	 	0.114	 	-1.189	 	-1.082	 	-1.290	 	1.207	 	2.289	 	
0.666	 	1.000	 	0.114	 	-1.190	 	-1.082	 	-1.290	 	1.207	 	2.289	 	
0.667	 	1.000	 	0.114	 	-1.190	 	-1.081	 	-1.291	 	1.207	 	2.289	 	
0.668	 	1.000	 	0.114	 	-1.191	 	-1.081	 	-1.291	 	1.208	 	2.289	 	
0.669	 	1.000	 	0.114	 	-1.191	 	-1.081	 	-1.292	 	1.208	 	2.289	 	
0.670	 	1.000	 	0.114	 	-1.192	 	-1.081	 	-1.292	 	1.208	 	2.289	 	
0.671	 	1.000	 	0.114	 	-1.192	 	-1.080	 	-1.293	 	1.208	 	2.289	 	
0.672	 	1.000	 	0.114	 	-1.193	 	-1.080	 	-1.293	 	1.209	 	2.289	 	
0.673	 	1.000	 	0.114	 	-1.193	 	-1.080	 	-1.294	 	1.209	 	2.289	 	
0.674	 	1.000	 	0.114	 	-1.194	 	-1.080	 	-1.294	 	1.209	 	2.289	 	
0.675	 	1.000	 	0.114	 	-1.194	 	-1.079	 	-1.295	 	1.209	 	2.289	 	
0.676	 	1.000	 	0.114	 	-1.194	 	-1.079	 	-1.295	 	1.210	 	2.289	 	
0.677	 	1.000	 	0.114	 	-1.195	 	-1.079	 	-1.296	 	1.210	 	2.289	 	
0.678	 	1.000	 	0.114	 	-1.195	 	-1.079	 	-1.296	 	1.210	 	2.289	 	
0.679	 	1.000	 	0.114	 	-1.196	 	-1.079	 	-1.297	 	1.210	 	2.289	 	
0.680	 	1.000	 	0.114	 	-1.196	 	-1.078	 	-1.297	 	1.211	 	2.289	 	
0.681	 	1.000	 	0.114	 	-1.197	 	-1.078	 	-1.298	 	1.211	 	2.289	 	
0.682	 	1.000	 	0.114	 	-1.197	 	-1.078	 	-1.299	 	1.211	 	2.289	 	
0.683	 	1.000	 	0.114	 	-1.198	 	-1.078	 	-1.299	 	1.211	 	2.289	 	
0.684	 	1.000	 	0.114	 	-1.198	 	-1.077	 	-1.300	 	1.212	 	2.289	 	
0.685	 	1.000	 	0.114	 	-1.199	 	-1.077	 	-1.300	 	1.212	 	2.289	 	
0.686	 	1.000	 	0.114	 	-1.199	 	-1.077	 	-1.301	 	1.212	 	2.289	 	
0.687	 	1.000	 	0.114	 	-1.199	 	-1.077	 	-1.301	 	1.212	 	2.289	 	
0.688	 	1.000	 	0.114	 	-1.200	 	-1.076	 	-1.302	 	1.212	 	2.289	 	
0.689	 	1.000	 	0.114	 	-1.200	 	-1.076	 	-1.302	 	1.213	 	2.289	 	
0.690	 	1.000	 	0.114	 	-1.201	 	-1.076	 	-1.303	 	1.213	 	2.289	 	
0.691	 	1.000	 	0.114	 	-1.201	 	-1.076	 	-1.303	 	1.213	 	2.289	 	
0.692	 	1.000	 	0.114	 	-1.202	 	-1.076	 	-1.304	 	1.213	 	2.289	 	
0.693	 	1.000	 	0.114	 	-1.202	 	-1.075	 	-1.304	 	1.214	 	2.289	 	
0.694	 	1.000	 	0.114	 	-1.203	 	-1.075	 	-1.305	 	1.214	 	2.289	 	
0.695	 	1.000	 	0.114	 	-1.203	 	-1.075	 	-1.305	 	1.214	 	2.289	 	
0.696	 	1.000	 	0.114	 	-1.204	 	-1.075	 	-1.306	 	1.214	 	2.289	 	
0.697	 	1.000	 	0.114	 	-1.204	 	-1.074	 	-1.306	 	1.214	 	2.289	 	
0.698	 	1.000	 	0.114	 	-1.204	 	-1.074	 	-1.307	 	1.215	 	2.289	 	
0.699	 	1.000	 	0.114	 	-1.205	 	-1.074	 	-1.307	 	1.215	 	2.289	 	
0.700	 	1.000	 	0.114	 	-1.205	 	-1.074	 	-1.308	 	1.215	 	2.289	 	
0.701	 	1.000	 	0.114	 	-1.206	 	-1.073	 	-1.308	 	1.215	 	2.289	 	
0.702	 	1.000	 	0.114	 	-1.206	 	-1.073	 	-1.309	 	1.215	 	2.289	 	
0.703	 	1.000	 	0.114	 	-1.207	 	-1.073	 	-1.309	 	1.216	 	2.289	 	
0.704	 	1.000	 	0.114	 	-1.207	 	-1.073	 	-1.310	 	1.216	 	2.288	 	
0.705	 	1.000	 	0.114	 	-1.208	 	-1.072	 	-1.310	 	1.216	 	2.288	 	
0.706	 	1.000	 	0.114	 	-1.208	 	-1.072	 	-1.311	 	1.216	 	2.288	 	
0.707	 	1.000	 	0.114	 	-1.208	 	-1.072	 	-1.311	 	1.216	 	2.288	 	
0.708	 	1.000	 	0.114	 	-1.209	 	-1.072	 	-1.312	 	1.216	 	2.288	 	
0.709	 	1.000	 	0.114	 	-1.209	 	-1.071	 	-1.312	 	1.217	 	2.288	 	
0.710	 	1.000	 	0.114	 	-1.210	 	-1.071	 	-1.313	 	1.217	 	2.288	 	
0.711	 	1.000	 	0.114	 	-1.210	 	-1.071	 	-1.313	 	1.217	 	2.288	 	
0.712	 	1.000	 	0.114	 	-1.211	 	-1.071	 	-1.314	 	1.217	 	2.288	 	
0.713	 	1.000	 	0.114	 	-1.211	 	-1.071	 	-1.314	 	1.217	 	2.288	 	
0.714	 	1.000	 	0.114	 	-1.212	 	-1.070	 	-1.315	 	1.218	 	2.288	 	
0.715	 	1.000	 	0.114	 	-1.212	 	-1.070	 	-1.315	 	1.218	 	2.288	 	
0.716	 	1.000	 	0.115	 	-1.212	 	-1.070	 	-1.316	 	1.218	 	2.288	 	
0.717	 	1.000	 	0.115	 	-1.213	 	-1.070	 	-1.316	 	1.218	 	2.288	 	
0.718	 	1.000	 	0.115	 	-1.213	 	-1.069	 	-1.317	 	1.218	 	2.288	 	
0.719	 	1.000	 	0.115	 	-1.214	 	-1.069	 	-1.317	 	1.218	 	2.287	 	
0.720	 	1.000	 	0.115	 	-1.214	 	-1.069	 	-1.318	 	1.219	 	2.287	 	
0.721	 	1.000	 	0.115	 	-1.215	 	-1.069	 	-1.318	 	1.219	 	2.287	 	
0.722	 	1.000	 	0.115	 	-1.215	 	-1.068	 	-1.319	 	1.219	 	2.287	 	
0.723	 	1.000	 	0.115	 	-1.215	 	-1.068	 	-1.319	 	1.219	 	2.287	 	
0.724	 	1.000	 	0.115	 	-1.216	 	-1.068	 	-1.320	 	1.219	 	2.287	 	
0.725	 	1.000	 	0.115	 	-1.216	 	-1.068	 	-1.320	 	1.219	 	2.287	 	
0.726	 	1.000	 	0.115	 	-1.217	 	-1.067	 	-1.321	 	1.219	 	2.287	 	
0.727	 	1.000	 	0.115	 	-1.217	 	-1.067	 	-1.321	 	1.220	 	2.287	 	
0.728	 	1.000	 	0.115	 	-1.218	 	-1.067	 	-1.321	 	1.220	 	2.287	 	
0.729	 	1.000	 	0.115	 	-1.218	 	-1.067	 	-1.322	 	1.220	 	2.286	 	
0.730	 	1.000	 	0.115	 	-1.218	 	-1.066	 	-1.322	 	1.220	 	2.286	 	
0.731	 	1.000	 	0.115	 	-1.219	 	-1.066	 	-1.323	 	1.220	 	2.286	 	
0.732	 	1.000	 	0.115	 	-1.219	 	-1.066	 	-1.323	 	1.220	 	2.286	 	
0.733	 	1.000	 	0.115	 	-1.220	 	-1.066	 	-1.324	 	1.220	 	2.286	 	
0.734	 	1.000	 	0.115	 	-1.220	 	-1.065	 	-1.324	 	1.221	 	2.286	 	
0.735	 	1.000	 	0.115	 	-1.221	 	-1.065	 	-1.325	 	1.221	 	2.286	 	
0.736	 	1.000	 	0.115	 	-1.221	 	-1.065	 	-1.325	 	1.221	 	2.286	 	
0.737	 	1.000	 	0.115	 	-1.221	 	-1.065	 	-1.326	 	1.221	 	2.285	 	
0.738	 	1.000	 	0.115	 	-1.222	 	-1.064	 	-1.326	 	1.221	 	2.285	 	
0.739	 	1.000	 	0.115	 	-1.222	 	-1.064	 	-1.327	 	1.221	 	2.285	 	
0.740	 	1.000	 	0.115	 	-1.223	 	-1.064	 	-1.327	 	1.221	 	2.285	 	
0.741	 	1.000	 	0.115	 	-1.223	 	-1.064	 	-1.328	 	1.221	 	2.285	 	
0.742	 	1.000	 	0.115	 	-1.224	 	-1.063	 	-1.328	 	1.222	 	2.285	 	
0.743	 	1.000	 	0.115	 	-1.224	 	-1.063	 	-1.329	 	1.222	 	2.285	 	
0.744	 	1.000	 	0.115	 	-1.224	 	-1.063	 	-1.329	 	1.222	 	2.284	 	
0.745	 	1.000	 	0.115	 	-1.225	 	-1.063	 	-1.329	 	1.222	 	2.284	 	
0.746	 	1.000	 	0.115	 	-1.225	 	-1.062	 	-1.330	 	1.222	 	2.284	 	
0.747	 	1.000	 	0.115	 	-1.226	 	-1.062	 	-1.330	 	1.222	 	2.284	 	
0.748	 	1.000	 	0.115	 	-1.226	 	-1.062	 	-1.331	 	1.222	 	2.284	 	
0.749	 	1.000	 	0.115	 	-1.226	 	-1.061	 	-1.331	 	1.222	 	2.284	 	
0.750	 	1.000	 	0.115	 	-1.227	 	-1.061	 	-1.332	 	1.222	 	2.284	 	
0.751	 	1.000	 	0.115	 	-1.227	 	-1.061	 	-1.332	 	1.222	 	2.283	 	
0.752	 	1.000	 	0.115	 	-1.228	 	-1.061	 	-1.333	 	1.223	 	2.283	 	
0.753	 	1.000	 	0.115	 	-1.228	 	-1.060	 	-1.333	 	1.223	 	2.283	 	
0.754	 	1.000	 	0.115	 	-1.229	 	-1.060	 	-1.334	 	1.223	 	2.283	 	
0.755	 	1.000	 	0.115	 	-1.229	 	-1.060	 	-1.334	 	1.223	 	2.283	 	
0.756	 	1.000	 	0.115	 	-1.229	 	-1.060	 	-1.335	 	1.223	 	2.283	 	
0.757	 	1.000	 	0.115	 	-1.230	 	-1.059	 	-1.335	 	1.223	 	2.282	 	
0.758	 	1.000	 	0.115	 	-1.230	 	-1.059	 	-1.335	 	1.223	 	2.282	 	
0.759	 	1.000	 	0.115	 	-1.231	 	-1.059	 	-1.336	 	1.223	 	2.282	 	
0.760	 	1.000	 	0.115	 	-1.231	 	-1.059	 	-1.336	 	1.223	 	2.282	 	
0.761	 	1.000	 	0.115	 	-1.231	 	-1.058	 	-1.337	 	1.223	 	2.282	 	
0.762	 	1.000	 	0.115	 	-1.232	 	-1.058	 	-1.337	 	1.223	 	2.281	 	
0.763	 	1.000	 	0.115	 	-1.232	 	-1.058	 	-1.338	 	1.223	 	2.281	 	
0.764	 	1.000	 	0.115	 	-1.233	 	-1.058	 	-1.338	 	1.224	 	2.281	 	
0.765	 	1.000	 	0.115	 	-1.233	 	-1.057	 	-1.339	 	1.224	 	2.281	 	
0.766	 	1.000	 	0.115	 	-1.233	 	-1.057	 	-1.339	 	1.224	 	2.281	 	
0.767	 	1.000	 	0.115	 	-1.234	 	-1.057	 	-1.339	 	1.224	 	2.281	 	
0.768	 	1.000	 	0.115	 	-1.234	 	-1.057	 	-1.340	 	1.224	 	2.280	 	
0.769	 	1.000	 	0.115	 	-1.235	 	-1.056	 	-1.340	 	1.224	 	2.280	 	
0.770	 	1.000	 	0.115	 	-1.235	 	-1.056	 	-1.341	 	1.224	 	2.280	 	
0.771	 	1.000	 	0.115	 	-1.236	 	-1.056	 	-1.341	 	1.224	 	2.280	 	
0.772	 	1.000	 	0.115	 	-1.236	 	-1.055	 	-1.342	 	1.224	 	2.279	 	
0.773	 	1.000	 	0.115	 	-1.236	 	-1.055	 	-1.342	 	1.224	 	2.279	 	
0.774	 	1.000	 	0.115	 	-1.237	 	-1.055	 	-1.343	 	1.224	 	2.279	 	
0.775	 	1.000	 	0.115	 	-1.237	 	-1.055	 	-1.343	 	1.224	 	2.279	 	
0.776	 	1.000	 	0.115	 	-1.238	 	-1.054	 	-1.343	 	1.224	 	2.279	 	
0.777	 	1.000	 	0.115	 	-1.238	 	-1.054	 	-1.344	 	1.224	 	2.278	 	
0.778	 	1.000	 	0.115	 	-1.238	 	-1.054	 	-1.344	 	1.224	 	2.278	 	
0.779	 	1.000	 	0.115	 	-1.239	 	-1.054	 	-1.345	 	1.224	 	2.278	 	
0.780	 	1.000	 	0.115	 	-1.239	 	-1.053	 	-1.345	 	1.224	 	2.278	 	
0.781	 	1.000	 	0.115	 	-1.240	 	-1.053	 	-1.346	 	1.224	 	2.277	 	
0.782	 	1.000	 	0.115	 	-1.240	 	-1.053	 	-1.346	 	1.224	 	2.277	 	
0.783	 	1.000	 	0.115	 	-1.240	 	-1.052	 	-1.346	 	1.225	 	2.277	 	
0.784	 	1.000	 	0.115	 	-1.241	 	-1.052	 	-1.347	 	1.225	 	2.277	 	
0.785	 	1.000	 	0.115	 	-1.241	 	-1.052	 	-1.347	 	1.225	 	2.277	 	
0.786	 	1.000	 	0.115	 	-1.242	 	-1.052	 	-1.348	 	1.225	 	2.276	 	
0.787	 	1.000	 	0.115	 	-1.242	 	-1.051	 	-1.348	 	1.225	 	2.276	 	
0.788	 	1.000	 	0.115	 	-1.242	 	-1.051	 	-1.349	 	1.225	 	2.276	 	
0.789	 	1.000	 	0.115	 	-1.243	 	-1.051	 	-1.349	 	1.225	 	2.276	 	
0.790	 	1.000	 	0.115	 	-1.243	 	-1.051	 	-1.349	 	1.225	 	2.275	 	
0.791	 	1.000	 	0.115	 	-1.244	 	-1.050	 	-1.350	 	1.225	 	2.275	 	
0.792	 	1.000	 	0.115	 	-1.244	 	-1.050	 	-1.350	 	1.225	 	2.275	 	
0.793	 	1.000	 	0.115	 	-1.244	 	-1.050	 	-1.351	 	1.225	 	2.275	 	
0.794	 	1.000	 	0.115	 	-1.245	 	-1.050	 	-1.351	 	1.225	 	2.274	 	
0.795	 	1.000	 	0.115	 	-1.245	 	-1.049	 	-1.351	 	1.225	 	2.274	 	
0.796	 	1.000	 	0.115	 	-1.245	 	-1.049	 	-1.352	 	1.225	 	2.274	 	
0.797	 	1.000	 	0.115	 	-1.246	 	-1.049	 	-1.352	 	1.225	 	2.273	 	
0.798	 	1.000	 	0.115	 	-1.246	 	-1.048	 	-1.353	 	1.225	 	2.273	 	
0.799	 	1.000	 	0.115	 	-1.247	 	-1.048	 	-1.353	 	1.225	 	2.273	 	
0.800	 	1.000	 	0.115	 	-1.247	 	-1.048	 	-1.354	 	1.225	 	2.273	 	
0.801	 	1.000	 	0.115	 	-1.247	 	-1.048	 	-1.354	 	1.225	 	2.272	 	
0.802	 	1.000	 	0.115	 	-1.248	 	-1.047	 	-1.354	 	1.225	 	2.272	 	
0.803	 	1.000	 	0.115	 	-1.248	 	-1.047	 	-1.355	 	1.225	 	2.272	 	
0.804	 	1.000	 	0.115	 	-1.249	 	-1.047	 	-1.355	 	1.225	 	2.272	 	
0.805	 	1.000	 	0.115	 	-1.249	 	-1.046	 	-1.356	 	1.225	 	2.271	 	
0.806	 	1.000	 	0.115	 	-1.249	 	-1.046	 	-1.356	 	1.225	 	2.271	 	
0.807	 	1.000	 	0.115	 	-1.250	 	-1.046	 	-1.356	 	1.225	 	2.271	 	
0.808	 	1.000	 	0.115	 	-1.250	 	-1.046	 	-1.357	 	1.225	 	2.270	 	
0.809	 	1.000	 	0.115	 	-1.251	 	-1.045	 	-1.357	 	1.225	 	2.270	 	
0.810	 	1.000	 	0.115	 	-1.251	 	-1.045	 	-1.358	 	1.225	 	2.270	 	
0.811	 	1.000	 	0.115	 	-1.251	 	-1.045	 	-1.358	 	1.225	 	2.269	 	
0.812	 	1.000	 	0.115	 	-1.252	 	-1.045	 	-1.358	 	1.225	 	2.269	 	
0.813	 	1.000	 	0.115	 	-1.252	 	-1.044	 	-1.359	 	1.225	 	2.269	 	
0.814	 	1.000	 	0.115	 	-1.252	 	-1.044	 	-1.359	 	1.225	 	2.269	 	
0.815	 	1.000	 	0.115	 	-1.253	 	-1.044	 	-1.360	 	1.225	 	2.268	 	
0.816	 	1.000	 	0.115	 	-1.253	 	-1.043	 	-1.360	 	1.225	 	2.268	 	
0.817	 	1.000	 	0.115	 	-1.254	 	-1.043	 	-1.360	 	1.225	 	2.268	 	
0.818	 	1.000	 	0.115	 	-1.254	 	-1.043	 	-1.361	 	1.224	 	2.267	 	
0.819	 	1.000	 	0.115	 	-1.254	 	-1.043	 	-1.361	 	1.224	 	2.267	 	
0.820	 	1.000	 	0.115	 	-1.255	 	-1.042	 	-1.361	 	1.224	 	2.267	 	
0.821	 	1.000	 	0.115	 	-1.255	 	-1.042	 	-1.362	 	1.224	 	2.266	 	
0.822	 	1.000	 	0.115	 	-1.255	 	-1.042	 	-1.362	 	1.224	 	2.266	 	
0.823	 	1.000	 	0.115	 	-1.256	 	-1.041	 	-1.363	 	1.224	 	2.266	 	
0.824	 	1.000	 	0.115	 	-1.256	 	-1.041	 	-1.363	 	1.224	 	2.265	 	
0.825	 	1.000	 	0.115	 	-1.257	 	-1.041	 	-1.363	 	1.224	 	2.265	 	
0.826	 	1.000	 	0.115	 	-1.257	 	-1.041	 	-1.364	 	1.224	 	2.265	 	
0.827	 	1.000	 	0.115	 	-1.257	 	-1.040	 	-1.364	 	1.224	 	2.264	 	
0.828	 	1.000	 	0.115	 	-1.258	 	-1.040	 	-1.365	 	1.224	 	2.264	 	
0.829	 	1.000	 	0.115	 	-1.258	 	-1.040	 	-1.365	 	1.224	 	2.264	 	
0.830	 	1.000	 	0.115	 	-1.258	 	-1.039	 	-1.365	 	1.224	 	2.263	 	
0.831	 	1.000	 	0.115	 	-1.259	 	-1.039	 	-1.366	 	1.224	 	2.263	 	
0.832	 	1.000	 	0.115	 	-1.259	 	-1.039	 	-1.366	 	1.224	 	2.263	 	
0.833	 	1.000	 	0.115	 	-1.260	 	-1.039	 	-1.366	 	1.224	 	2.262	 	
0.834	 	1.000	 	0.115	 	-1.260	 	-1.038	 	-1.367	 	1.224	 	2.262	 	
0.835	 	1.000	 	0.115	 	-1.260	 	-1.038	 	-1.367	 	1.224	 	2.262	 	
0.836	 	1.000	 	0.115	 	-1.261	 	-1.038	 	-1.368	 	1.223	 	2.261	 	
0.837	 	1.000	 	0.115	 	-1.261	 	-1.037	 	-1.368	 	1.223	 	2.261	 	
0.838	 	1.000	 	0.115	 	-1.261	 	-1.037	 	-1.368	 	1.223	 	2.261	 	
0.839	 	1.000	 	0.115	 	-1.262	 	-1.037	 	-1.369	 	1.223	 	2.260	 	
0.840	 	1.000	 	0.115	 	-1.262	 	-1.037	 	-1.369	 	1.223	 	2.260	 	
0.841	 	1.000	 	0.115	 	-1.262	 	-1.036	 	-1.369	 	1.223	 	2.259	 	
0.842	 	1.000	 	0.115	 	-1.263	 	-1.036	 	-1.370	 	1.223	 	2.259	 	
0.843	 	1.000	 	0.115	 	-1.263	 	-1.036	 	-1.370	 	1.223	 	2.259	 	
0.844	 	1.000	 	0.115	 	-1.264	 	-1.035	 	-1.370	 	1.223	 	2.258	 	
0.845	 	1.000	 	0.115	 	-1.264	 	-1.035	 	-1.371	 	1.223	 	2.258	 	
0.846	 	1.000	 	0.115	 	-1.264	 	-1.035	 	-1.371	 	1.223	 	2.258	 	
0.847	 	1.000	 	0.115	 	-1.265	 	-1.035	 	-1.372	 	1.223	 	2.257	 	
0.848	 	1.000	 	0.115	 	-1.265	 	-1.034	 	-1.372	 	1.222	 	2.257	 	
0.849	 	1.000	 	0.115	 	-1.265	 	-1.034	 	-1.372	 	1.222	 	2.256	 	
0.850	 	1.000	 	0.115	 	-1.266	 	-1.034	 	-1.373	 	1.222	 	2.256	 	
0.851	 	1.000	 	0.115	 	-1.266	 	-1.033	 	-1.373	 	1.222	 	2.256	 	
0.852	 	1.000	 	0.115	 	-1.266	 	-1.033	 	-1.373	 	1.222	 	2.255	 	
0.853	 	1.000	 	0.115	 	-1.267	 	-1.033	 	-1.374	 	1.222	 	2.255	 	
0.854	 	1.000	 	0.115	 	-1.267	 	-1.033	 	-1.374	 	1.222	 	2.254	 	
0.855	 	1.000	 	0.115	 	-1.268	 	-1.032	 	-1.374	 	1.222	 	2.254	 	
0.856	 	1.000	 	0.115	 	-1.268	 	-1.032	 	-1.375	 	1.222	 	2.254	 	
0.857	 	1.000	 	0.115	 	-1.268	 	-1.032	 	-1.375	 	1.222	 	2.253	 	
0.858	 	1.000	 	0.115	 	-1.269	 	-1.031	 	-1.375	 	1.221	 	2.253	 	
0.859	 	1.000	 	0.115	 	-1.269	 	-1.031	 	-1.376	 	1.221	 	2.252	 	
0.860	 	1.000	 	0.115	 	-1.269	 	-1.031	 	-1.376	 	1.221	 	2.252	 	
0.861	 	1.000	 	0.115	 	-1.270	 	-1.030	 	-1.376	 	1.221	 	2.252	 	
0.862	 	1.000	 	0.115	 	-1.270	 	-1.030	 	-1.377	 	1.221	 	2.251	 	
0.863	 	1.000	 	0.115	 	-1.270	 	-1.030	 	-1.377	 	1.221	 	2.251	 	
0.864	 	1.000	 	0.115	 	-1.271	 	-1.030	 	-1.377	 	1.221	 	2.250	 	
0.865	 	1.000	 	0.115	 	-1.271	 	-1.029	 	-1.378	 	1.221	 	2.250	 	
0.866	 	1.000	 	0.115	 	-1.271	 	-1.029	 	-1.378	 	1.220	 	2.249	 	
0.867	 	1.000	 	0.115	 	-1.272	 	-1.029	 	-1.379	 	1.220	 	2.249	 	
0.868	 	1.000	 	0.115	 	-1.272	 	-1.028	 	-1.379	 	1.220	 	2.249	 	
0.869	 	1.000	 	0.115	 	-1.272	 	-1.028	 	-1.379	 	1.220	 	2.248	 	
0.870	 	1.000	 	0.115	 	-1.273	 	-1.028	 	-1.380	 	1.220	 	2.248	 	
0.871	 	1.000	 	0.115	 	-1.273	 	-1.028	 	-1.380	 	1.220	 	2.247	 	
0.872	 	1.000	 	0.115	 	-1.274	 	-1.027	 	-1.380	 	1.220	 	2.247	 	
0.873	 	1.000	 	0.115	 	-1.274	 	-1.027	 	-1.381	 	1.219	 	2.246	 	
0.874	 	1.000	 	0.115	 	-1.274	 	-1.027	 	-1.381	 	1.219	 	2.246	 	
0.875	 	1.000	 	0.115	 	-1.275	 	-1.026	 	-1.381	 	1.219	 	2.246	 	
0.876	 	1.000	 	0.115	 	-1.275	 	-1.026	 	-1.381	 	1.219	 	2.245	 	
0.877	 	1.000	 	0.115	 	-1.275	 	-1.026	 	-1.382	 	1.219	 	2.245	 	
0.878	 	1.000	 	0.115	 	-1.276	 	-1.025	 	-1.382	 	1.219	 	2.244	 	
0.879	 	1.000	 	0.115	 	-1.276	 	-1.025	 	-1.382	 	1.219	 	2.244	 	
0.880	 	1.000	 	0.115	 	-1.276	 	-1.025	 	-1.383	 	1.218	 	2.243	 	
0.881	 	1.000	 	0.115	 	-1.277	 	-1.025	 	-1.383	 	1.218	 	2.243	 	
0.882	 	1.000	 	0.115	 	-1.277	 	-1.024	 	-1.383	 	1.218	 	2.242	 	
0.883	 	1.000	 	0.115	 	-1.277	 	-1.024	 	-1.384	 	1.218	 	2.242	 	
0.884	 	1.000	 	0.115	 	-1.278	 	-1.024	 	-1.384	 	1.218	 	2.241	 	
0.885	 	1.000	 	0.115	 	-1.278	 	-1.023	 	-1.384	 	1.218	 	2.241	 	
0.886	 	1.000	 	0.115	 	-1.278	 	-1.023	 	-1.385	 	1.217	 	2.240	 	
0.887	 	1.000	 	0.115	 	-1.279	 	-1.023	 	-1.385	 	1.217	 	2.240	 	
0.888	 	1.000	 	0.115	 	-1.279	 	-1.022	 	-1.385	 	1.217	 	2.239	 	
0.889	 	1.000	 	0.115	 	-1.279	 	-1.022	 	-1.386	 	1.217	 	2.239	 	
0.890	 	1.000	 	0.115	 	-1.280	 	-1.022	 	-1.386	 	1.217	 	2.239	 	
0.891	 	1.000	 	0.115	 	-1.280	 	-1.022	 	-1.386	 	1.217	 	2.238	 	
0.892	 	1.000	 	0.115	 	-1.280	 	-1.021	 	-1.387	 	1.216	 	2.238	 	
0.893	 	1.000	 	0.115	 	-1.281	 	-1.021	 	-1.387	 	1.216	 	2.237	 	
0.894	 	1.000	 	0.115	 	-1.281	 	-1.021	 	-1.387	 	1.216	 	2.237	 	
0.895	 	1.000	 	0.115	 	-1.281	 	-1.020	 	-1.387	 	1.216	 	2.236	 	
0.896	 	1.000	 	0.115	 	-1.282	 	-1.020	 	-1.388	 	1.216	 	2.236	 	
0.897	 	1.000	 	0.115	 	-1.282	 	-1.020	 	-1.388	 	1.215	 	2.235	 	
0.898	 	1.000	 	0.115	 	-1.282	 	-1.019	 	-1.388	 	1.215	 	2.235	 	
0.899	 	1.000	 	0.115	 	-1.283	 	-1.019	 	-1.389	 	1.215	 	2.234	 	
0.900	 	1.000	 	0.115	 	-1.283	 	-1.019	 	-1.389	 	1.215	 	2.234	 	
0.901	 	1.000	 	0.115	 	-1.283	 	-1.018	 	-1.389	 	1.215	 	2.233	 	
0.902	 	1.000	 	0.115	 	-1.284	 	-1.018	 	-1.390	 	1.214	 	2.233	 	
0.903	 	1.000	 	0.115	 	-1.284	 	-1.018	 	-1.390	 	1.214	 	2.232	 	
0.904	 	1.000	 	0.115	 	-1.284	 	-1.018	 	-1.390	 	1.214	 	2.232	 	
0.905	 	1.000	 	0.115	 	-1.285	 	-1.017	 	-1.390	 	1.214	 	2.231	 	
0.906	 	1.000	 	0.115	 	-1.285	 	-1.017	 	-1.391	 	1.214	 	2.231	 	
0.907	 	1.000	 	0.115	 	-1.285	 	-1.017	 	-1.391	 	1.213	 	2.230	 	
0.908	 	1.000	 	0.115	 	-1.286	 	-1.016	 	-1.391	 	1.213	 	2.229	 	
0.909	 	1.000	 	0.115	 	-1.286	 	-1.016	 	-1.392	 	1.213	 	2.229	 	
0.910	 	1.000	 	0.115	 	-1.286	 	-1.016	 	-1.392	 	1.213	 	2.228	 	
0.911	 	1.000	 	0.115	 	-1.287	 	-1.015	 	-1.392	 	1.212	 	2.228	 	
0.912	 	1.000	 	0.115	 	-1.287	 	-1.015	 	-1.393	 	1.212	 	2.227	 	
0.913	 	1.000	 	0.115	 	-1.287	 	-1.015	 	-1.393	 	1.212	 	2.227	 	
0.914	 	1.000	 	0.115	 	-1.288	 	-1.014	 	-1.393	 	1.212	 	2.226	 	
0.915	 	1.000	 	0.115	 	-1.288	 	-1.014	 	-1.393	 	1.212	 	2.226	 	
0.916	 	1.000	 	0.115	 	-1.288	 	-1.014	 	-1.394	 	1.211	 	2.225	 	
0.917	 	1.000	 	0.115	 	-1.289	 	-1.014	 	-1.394	 	1.211	 	2.225	 	
0.918	 	1.000	 	0.115	 	-1.289	 	-1.013	 	-1.394	 	1.211	 	2.224	 	
0.919	 	1.000	 	0.115	 	-1.289	 	-1.013	 	-1.394	 	1.211	 	2.224	 	
0.920	 	1.000	 	0.115	 	-1.290	 	-1.013	 	-1.395	 	1.210	 	2.223	 	
0.921	 	1.000	 	0.115	 	-1.290	 	-1.012	 	-1.395	 	1.210	 	2.222	 	
0.922	 	1.000	 	0.115	 	-1.290	 	-1.012	 	-1.395	 	1.210	 	2.222	 	
0.923	 	1.000	 	0.115	 	-1.290	 	-1.012	 	-1.396	 	1.210	 	2.221	 	
0.924	 	1.000	 	0.115	 	-1.291	 	-1.011	 	-1.396	 	1.209	 	2.221	 	
0.925	 	1.000	 	0.115	 	-1.291	 	-1.011	 	-1.396	 	1.209	 	2.220	 	
0.926	 	1.000	 	0.115	 	-1.291	 	-1.011	 	-1.396	 	1.209	 	2.220	 	
0.927	 	1.000	 	0.115	 	-1.292	 	-1.010	 	-1.397	 	1.209	 	2.219	 	
0.928	 	1.000	 	0.115	 	-1.292	 	-1.010	 	-1.397	 	1.208	 	2.219	 	
0.929	 	1.000	 	0.115	 	-1.292	 	-1.010	 	-1.397	 	1.208	 	2.218	 	
0.930	 	1.000	 	0.115	 	-1.293	 	-1.009	 	-1.397	 	1.208	 	2.217	 	
0.931	 	1.000	 	0.115	 	-1.293	 	-1.009	 	-1.398	 	1.208	 	2.217	 	
0.932	 	1.000	 	0.115	 	-1.293	 	-1.009	 	-1.398	 	1.207	 	2.216	 	
0.933	 	1.000	 	0.115	 	-1.294	 	-1.009	 	-1.398	 	1.207	 	2.216	 	
0.934	 	1.000	 	0.115	 	-1.294	 	-1.008	 	-1.399	 	1.207	 	2.215	 	
0.935	 	1.000	 	0.115	 	-1.294	 	-1.008	 	-1.399	 	1.207	 	2.214	 	
0.936	 	1.000	 	0.115	 	-1.295	 	-1.008	 	-1.399	 	1.206	 	2.214	 	
0.937	 	1.000	 	0.115	 	-1.295	 	-1.007	 	-1.399	 	1.206	 	2.213	 	
0.938	 	1.000	 	0.115	 	-1.295	 	-1.007	 	-1.400	 	1.206	 	2.213	 	
0.939	 	1.000	 	0.115	 	-1.295	 	-1.007	 	-1.400	 	1.205	 	2.212	 	
0.940	 	1.000	 	0.115	 	-1.296	 	-1.006	 	-1.400	 	1.205	 	2.212	 	
0.941	 	1.000	 	0.115	 	-1.296	 	-1.006	 	-1.400	 	1.205	 	2.211	 	
0.942	 	1.000	 	0.115	 	-1.296	 	-1.006	 	-1.401	 	1.205	 	2.210	 	
0.943	 	1.000	 	0.115	 	-1.297	 	-1.005	 	-1.401	 	1.204	 	2.210	 	
0.944	 	1.000	 	0.115	 	-1.297	 	-1.005	 	-1.401	 	1.204	 	2.209	 	
0.945	 	1.000	 	0.115	 	-1.297	 	-1.005	 	-1.401	 	1.204	 	2.209	 	
0.946	 	1.000	 	0.115	 	-1.298	 	-1.004	 	-1.402	 	1.203	 	2.208	 	
0.947	 	1.000	 	0.115	 	-1.298	 	-1.004	 	-1.402	 	1.203	 	2.207	 	
0.948	 	1.000	 	0.115	 	-1.298	 	-1.004	 	-1.402	 	1.203	 	2.207	 	
0.949	 	1.000	 	0.115	 	-1.298	 	-1.003	 	-1.402	 	1.203	 	2.206	 	
0.950	 	1.000	 	0.115	 	-1.299	 	-1.003	 	-1.403	 	1.202	 	2.205	 	
0.951	 	1.000	 	0.115	 	-1.299	 	-1.003	 	-1.403	 	1.202	 	2.205	 	
0.952	 	1.000	 	0.115	 	-1.299	 	-1.002	 	-1.403	 	1.202	 	2.204	 	
0.953	 	1.000	 	0.115	 	-1.300	 	-1.002	 	-1.403	 	1.201	 	2.204	 	
0.954	 	1.000	 	0.115	 	-1.300	 	-1.002	 	-1.403	 	1.201	 	2.203	 	
0.955	 	1.000	 	0.115	 	-1.300	 	-1.002	 	-1.404	 	1.201	 	2.202	 	
0.956	 	1.000	 	0.115	 	-1.301	 	-1.001	 	-1.404	 	1.200	 	2.202	 	
0.957	 	1.000	 	0.115	 	-1.301	 	-1.001	 	-1.404	 	1.200	 	2.201	 	
0.958	 	1.000	 	0.115	 	-1.301	 	-1.001	 	-1.404	 	1.200	 	2.200	 	
0.959	 	1.000	 	0.115	 	-1.301	 	-1.000	 	-1.405	 	1.200	 	2.200	 	
0.960	 	1.000	 	0.115	 	-1.302	 	-1.000	 	-1.405	 	1.199	 	2.199	 	
0.961	 	1.000	 	0.115	 	-1.302	 	-1.000	 	-1.405	 	1.199	 	2.198	 	
0.962	 	1.000	 	0.115	 	-1.302	 	-0.999	 	-1.405	 	1.199	 	2.198	 	
0.963	 	1.000	 	0.115	 	-1.303	 	-0.999	 	-1.406	 	1.198	 	2.197	 	
0.964	 	1.000	 	0.115	 	-1.303	 	-0.999	 	-1.406	 	1.198	 	2.197	 	
0.965	 	1.000	 	0.115	 	-1.303	 	-0.998	 	-1.406	 	1.198	 	2.196	 	
0.966	 	1.000	 	0.114	 	-1.304	 	-0.998	 	-1.406	 	1.197	 	2.195	 	
0.967	 	1.000	 	0.114	 	-1.304	 	-0.998	 	-1.406	 	1.197	 	2.195	 	
0.968	 	1.000	 	0.114	 	-1.304	 	-0.997	 	-1.407	 	1.197	 	2.194	 	
0.969	 	1.000	 	0.114	 	-1.304	 	-0.997	 	-1.407	 	1.196	 	2.193	 	
0.970	 	1.000	 	0.114	 	-1.305	 	-0.997	 	-1.407	 	1.196	 	2.193	 	
0.971	 	1.000	 	0.114	 	-1.305	 	-0.996	 	-1.407	 	1.196	 	2.192	 	
0.972	 	1.000	 	0.114	 	-1.305	 	-0.996	 	-1.408	 	1.195	 	2.191	 	
0.973	 	1.000	 	0.114	 	-1.306	 	-0.996	 	-1.408	 	1.195	 	2.191	 	
0.974	 	1.000	 	0.114	 	-1.306	 	-0.995	 	-1.408	 	1.195	 	2.190	 	
0.975	 	1.000	 	0.114	 	-1.306	 	-0.995	 	-1.408	 	1.194	 	2.189	 	
0.976	 	1.000	 	0.114	 	-1.306	 	-0.995	 	-1.408	 	1.194	 	2.189	 	
0.977	 	1.000	 	0.114	 	-1.307	 	-0.994	 	-1.409	 	1.193	 	2.188	 	
0.978	 	1.000	 	0.114	 	-1.307	 	-0.994	 	-1.409	 	1.193	 	2.187	 	
0.979	 	1.000	 	0.114	 	-1.307	 	-0.994	 	-1.409	 	1.193	 	2.186	 	
0.980	 	1.000	 	0.114	 	-1.308	 	-0.993	 	-1.409	 	1.192	 	2.186	 	
0.981	 	1.000	 	0.114	 	-1.308	 	-0.993	 	-1.409	 	1.192	 	2.185	 	
0.982	 	1.000	 	0.114	 	-1.308	 	-0.993	 	-1.410	 	1.192	 	2.184	 	
0.983	 	1.000	 	0.114	 	-1.308	 	-0.992	 	-1.410	 	1.191	 	2.184	 	
0.984	 	1.000	 	0.114	 	-1.309	 	-0.992	 	-1.410	 	1.191	 	2.183	 	
0.985	 	1.000	 	0.114	 	-1.309	 	-0.992	 	-1.410	 	1.191	 	2.182	 	
0.986	 	1.000	 	0.114	 	-1.309	 	-0.991	 	-1.410	 	1.190	 	2.182	 	
0.987	 	1.000	 	0.114	 	-1.309	 	-0.991	 	-1.411	 	1.190	 	2.181	 	
0.988	 	1.000	 	0.114	 	-1.310	 	-0.991	 	-1.411	 	1.189	 	2.180	 	
0.989	 	1.000	 	0.114	 	-1.310	 	-0.990	 	-1.411	 	1.189	 	2.179	 	
0.990	 	1.000	 	0.114	 	-1.310	 	-0.990	 	-1.411	 	1.189	 	2.179	 	
0.991	 	1.000	 	0.114	 	-1.311	 	-0.990	 	-1.411	 	1.188	 	2.178	 	
0.992	 	1.000	 	0.114	 	-1.311	 	-0.989	 	-1.412	 	1.188	 	2.177	 	
0.993	 	1.000	 	0.114	 	-1.311	 	-0.989	 	-1.412	 	1.188	 	2.177	 	
0.994	 	1.000	 	0.114	 	-1.311	 	-0.989	 	-1.412	 	1.187	 	2.176	 	
0.995	 	1.000	 	0.114	 	-1.312	 	-0.988	 	-1.412	 	1.187	 	2.175	 	
0.996	 	1.000	 	0.114	 	-1.312	 	-0.988	 	-1.412	 	1.186	 	2.174	 	
0.997	 	1.000	 	0.114	 	-1.312	 	-0.988	 	-1.413	 	1.186	 	2.174	 	
0.998	 	1.000	 	0.114	 	-1.312	 	-0.987	 	-1.413	 	1.186	 	2.173	 	
0.999	 	1.000	 	0.114	 	-1.313	 	-0.987	 	-1.413	 	1.185	 	2.172	 	
