x	 	y	 	m_eff	 	Ev_hh	 	Ev_lh	 	Ev_so	 	Ec	 	Eg
0.000	 	0.750	 	0.065	 	-0.659	 	-0.779	 	-1.110	 	0.571	 	1.230	 	
0.001	 	0.750	 	0.065	 	-0.660	 	-0.779	 	-1.110	 	0.572	 	1.232	 	
0.002	 	0.750	 	0.066	 	-0.660	 	-0.780	 	-1.110	 	0.573	 	1.233	 	
0.003	 	0.750	 	0.066	 	-0.661	 	-0.781	 	-1.110	 	0.574	 	1.235	 	
0.004	 	0.750	 	0.066	 	-0.662	 	-0.781	 	-1.110	 	0.575	 	1.237	 	
0.005	 	0.750	 	0.066	 	-0.663	 	-0.782	 	-1.110	 	0.576	 	1.238	 	
0.006	 	0.750	 	0.066	 	-0.663	 	-0.782	 	-1.110	 	0.576	 	1.240	 	
0.007	 	0.750	 	0.066	 	-0.664	 	-0.783	 	-1.110	 	0.577	 	1.241	 	
0.008	 	0.750	 	0.066	 	-0.665	 	-0.783	 	-1.110	 	0.578	 	1.243	 	
0.009	 	0.750	 	0.066	 	-0.665	 	-0.784	 	-1.111	 	0.579	 	1.244	 	
0.010	 	0.750	 	0.066	 	-0.666	 	-0.785	 	-1.111	 	0.580	 	1.246	 	
0.011	 	0.750	 	0.066	 	-0.667	 	-0.785	 	-1.111	 	0.581	 	1.247	 	
0.012	 	0.750	 	0.066	 	-0.667	 	-0.786	 	-1.111	 	0.582	 	1.249	 	
0.013	 	0.750	 	0.066	 	-0.668	 	-0.786	 	-1.111	 	0.583	 	1.251	 	
0.014	 	0.750	 	0.066	 	-0.669	 	-0.787	 	-1.111	 	0.583	 	1.252	 	
0.015	 	0.750	 	0.066	 	-0.669	 	-0.787	 	-1.111	 	0.584	 	1.254	 	
0.016	 	0.750	 	0.066	 	-0.670	 	-0.788	 	-1.111	 	0.585	 	1.255	 	
0.017	 	0.750	 	0.066	 	-0.671	 	-0.788	 	-1.111	 	0.586	 	1.257	 	
0.018	 	0.750	 	0.066	 	-0.672	 	-0.789	 	-1.111	 	0.587	 	1.259	 	
0.019	 	0.750	 	0.066	 	-0.672	 	-0.790	 	-1.111	 	0.588	 	1.260	 	
0.020	 	0.750	 	0.066	 	-0.673	 	-0.790	 	-1.111	 	0.589	 	1.262	 	
0.021	 	0.750	 	0.066	 	-0.674	 	-0.791	 	-1.111	 	0.590	 	1.263	 	
0.022	 	0.750	 	0.066	 	-0.674	 	-0.791	 	-1.111	 	0.591	 	1.265	 	
0.023	 	0.750	 	0.066	 	-0.675	 	-0.792	 	-1.111	 	0.592	 	1.267	 	
0.024	 	0.750	 	0.066	 	-0.676	 	-0.793	 	-1.111	 	0.593	 	1.268	 	
0.025	 	0.750	 	0.066	 	-0.676	 	-0.793	 	-1.111	 	0.594	 	1.270	 	
0.026	 	0.750	 	0.067	 	-0.677	 	-0.794	 	-1.111	 	0.594	 	1.272	 	
0.027	 	0.750	 	0.067	 	-0.678	 	-0.794	 	-1.111	 	0.595	 	1.273	 	
0.028	 	0.750	 	0.067	 	-0.679	 	-0.795	 	-1.112	 	0.596	 	1.275	 	
0.029	 	0.750	 	0.067	 	-0.679	 	-0.795	 	-1.112	 	0.597	 	1.277	 	
0.030	 	0.750	 	0.067	 	-0.680	 	-0.796	 	-1.112	 	0.598	 	1.278	 	
0.031	 	0.750	 	0.067	 	-0.681	 	-0.797	 	-1.112	 	0.599	 	1.280	 	
0.032	 	0.750	 	0.067	 	-0.681	 	-0.797	 	-1.112	 	0.600	 	1.282	 	
0.033	 	0.750	 	0.067	 	-0.682	 	-0.798	 	-1.112	 	0.601	 	1.283	 	
0.034	 	0.750	 	0.067	 	-0.683	 	-0.798	 	-1.112	 	0.602	 	1.285	 	
0.035	 	0.750	 	0.067	 	-0.683	 	-0.799	 	-1.112	 	0.603	 	1.287	 	
0.036	 	0.750	 	0.067	 	-0.684	 	-0.800	 	-1.112	 	0.604	 	1.288	 	
0.037	 	0.750	 	0.067	 	-0.685	 	-0.800	 	-1.112	 	0.605	 	1.290	 	
0.038	 	0.750	 	0.067	 	-0.686	 	-0.801	 	-1.112	 	0.606	 	1.292	 	
0.039	 	0.750	 	0.067	 	-0.686	 	-0.801	 	-1.112	 	0.607	 	1.293	 	
0.040	 	0.750	 	0.067	 	-0.687	 	-0.802	 	-1.112	 	0.608	 	1.295	 	
0.041	 	0.750	 	0.067	 	-0.688	 	-0.803	 	-1.113	 	0.609	 	1.297	 	
0.042	 	0.750	 	0.067	 	-0.688	 	-0.803	 	-1.113	 	0.610	 	1.298	 	
0.043	 	0.750	 	0.067	 	-0.689	 	-0.804	 	-1.113	 	0.611	 	1.300	 	
0.044	 	0.750	 	0.067	 	-0.690	 	-0.804	 	-1.113	 	0.612	 	1.302	 	
0.045	 	0.750	 	0.067	 	-0.691	 	-0.805	 	-1.113	 	0.613	 	1.303	 	
0.046	 	0.750	 	0.067	 	-0.691	 	-0.806	 	-1.113	 	0.614	 	1.305	 	
0.047	 	0.750	 	0.068	 	-0.692	 	-0.806	 	-1.113	 	0.615	 	1.307	 	
0.048	 	0.750	 	0.068	 	-0.693	 	-0.807	 	-1.113	 	0.616	 	1.308	 	
0.049	 	0.750	 	0.068	 	-0.693	 	-0.807	 	-1.113	 	0.617	 	1.310	 	
0.050	 	0.750	 	0.068	 	-0.694	 	-0.808	 	-1.113	 	0.618	 	1.312	 	
0.051	 	0.750	 	0.068	 	-0.695	 	-0.809	 	-1.113	 	0.619	 	1.314	 	
0.052	 	0.750	 	0.068	 	-0.695	 	-0.809	 	-1.113	 	0.620	 	1.315	 	
0.053	 	0.750	 	0.068	 	-0.696	 	-0.810	 	-1.114	 	0.621	 	1.317	 	
0.054	 	0.750	 	0.068	 	-0.697	 	-0.810	 	-1.114	 	0.622	 	1.319	 	
0.055	 	0.750	 	0.068	 	-0.698	 	-0.811	 	-1.114	 	0.623	 	1.320	 	
0.056	 	0.750	 	0.068	 	-0.698	 	-0.812	 	-1.114	 	0.624	 	1.322	 	
0.057	 	0.750	 	0.068	 	-0.699	 	-0.812	 	-1.114	 	0.625	 	1.324	 	
0.058	 	0.750	 	0.068	 	-0.700	 	-0.813	 	-1.114	 	0.626	 	1.325	 	
0.059	 	0.750	 	0.068	 	-0.700	 	-0.814	 	-1.114	 	0.627	 	1.327	 	
0.060	 	0.750	 	0.068	 	-0.701	 	-0.814	 	-1.114	 	0.628	 	1.329	 	
0.061	 	0.750	 	0.068	 	-0.702	 	-0.815	 	-1.114	 	0.629	 	1.331	 	
0.062	 	0.750	 	0.068	 	-0.703	 	-0.815	 	-1.114	 	0.630	 	1.332	 	
0.063	 	0.750	 	0.068	 	-0.703	 	-0.816	 	-1.115	 	0.631	 	1.334	 	
0.064	 	0.750	 	0.068	 	-0.704	 	-0.817	 	-1.115	 	0.632	 	1.336	 	
0.065	 	0.750	 	0.068	 	-0.705	 	-0.817	 	-1.115	 	0.633	 	1.338	 	
0.066	 	0.750	 	0.068	 	-0.705	 	-0.818	 	-1.115	 	0.634	 	1.339	 	
0.067	 	0.750	 	0.069	 	-0.706	 	-0.818	 	-1.115	 	0.635	 	1.341	 	
0.068	 	0.750	 	0.069	 	-0.707	 	-0.819	 	-1.115	 	0.636	 	1.343	 	
0.069	 	0.750	 	0.069	 	-0.708	 	-0.820	 	-1.115	 	0.637	 	1.344	 	
0.070	 	0.750	 	0.069	 	-0.708	 	-0.820	 	-1.115	 	0.638	 	1.346	 	
0.071	 	0.750	 	0.069	 	-0.709	 	-0.821	 	-1.115	 	0.639	 	1.348	 	
0.072	 	0.750	 	0.069	 	-0.710	 	-0.822	 	-1.116	 	0.640	 	1.350	 	
0.073	 	0.750	 	0.069	 	-0.710	 	-0.822	 	-1.116	 	0.641	 	1.351	 	
0.074	 	0.750	 	0.069	 	-0.711	 	-0.823	 	-1.116	 	0.642	 	1.353	 	
0.075	 	0.750	 	0.069	 	-0.712	 	-0.823	 	-1.116	 	0.643	 	1.355	 	
0.076	 	0.750	 	0.069	 	-0.712	 	-0.824	 	-1.116	 	0.644	 	1.357	 	
0.077	 	0.750	 	0.069	 	-0.713	 	-0.825	 	-1.116	 	0.645	 	1.358	 	
0.078	 	0.750	 	0.069	 	-0.714	 	-0.825	 	-1.116	 	0.646	 	1.360	 	
0.079	 	0.750	 	0.069	 	-0.715	 	-0.826	 	-1.116	 	0.647	 	1.362	 	
0.080	 	0.750	 	0.069	 	-0.715	 	-0.826	 	-1.116	 	0.648	 	1.363	 	
0.081	 	0.750	 	0.069	 	-0.716	 	-0.827	 	-1.117	 	0.649	 	1.365	 	
0.082	 	0.750	 	0.069	 	-0.717	 	-0.828	 	-1.117	 	0.650	 	1.367	 	
0.083	 	0.750	 	0.069	 	-0.717	 	-0.828	 	-1.117	 	0.651	 	1.369	 	
0.084	 	0.750	 	0.069	 	-0.718	 	-0.829	 	-1.117	 	0.652	 	1.370	 	
0.085	 	0.750	 	0.070	 	-0.719	 	-0.830	 	-1.117	 	0.653	 	1.372	 	
0.086	 	0.750	 	0.070	 	-0.720	 	-0.830	 	-1.117	 	0.654	 	1.374	 	
0.087	 	0.750	 	0.070	 	-0.720	 	-0.831	 	-1.117	 	0.655	 	1.376	 	
0.088	 	0.750	 	0.070	 	-0.721	 	-0.831	 	-1.117	 	0.656	 	1.377	 	
0.089	 	0.750	 	0.070	 	-0.722	 	-0.832	 	-1.117	 	0.657	 	1.379	 	
0.090	 	0.750	 	0.070	 	-0.722	 	-0.833	 	-1.118	 	0.658	 	1.381	 	
0.091	 	0.750	 	0.070	 	-0.723	 	-0.833	 	-1.118	 	0.660	 	1.383	 	
0.092	 	0.750	 	0.070	 	-0.724	 	-0.834	 	-1.118	 	0.661	 	1.384	 	
0.093	 	0.750	 	0.070	 	-0.724	 	-0.835	 	-1.118	 	0.662	 	1.386	 	
0.094	 	0.750	 	0.070	 	-0.725	 	-0.835	 	-1.118	 	0.663	 	1.388	 	
0.095	 	0.750	 	0.070	 	-0.726	 	-0.836	 	-1.118	 	0.664	 	1.390	 	
0.096	 	0.750	 	0.070	 	-0.727	 	-0.836	 	-1.118	 	0.665	 	1.391	 	
0.097	 	0.750	 	0.070	 	-0.727	 	-0.837	 	-1.118	 	0.666	 	1.393	 	
0.098	 	0.750	 	0.070	 	-0.728	 	-0.838	 	-1.119	 	0.667	 	1.395	 	
0.099	 	0.750	 	0.070	 	-0.729	 	-0.838	 	-1.119	 	0.668	 	1.396	 	
0.100	 	0.750	 	0.070	 	-0.729	 	-0.839	 	-1.119	 	0.669	 	1.398	 	
0.101	 	0.750	 	0.070	 	-0.730	 	-0.839	 	-1.119	 	0.670	 	1.400	 	
0.102	 	0.750	 	0.070	 	-0.731	 	-0.840	 	-1.119	 	0.671	 	1.402	 	
0.103	 	0.750	 	0.070	 	-0.732	 	-0.841	 	-1.119	 	0.672	 	1.403	 	
0.104	 	0.750	 	0.071	 	-0.732	 	-0.841	 	-1.119	 	0.673	 	1.405	 	
0.105	 	0.750	 	0.071	 	-0.733	 	-0.842	 	-1.119	 	0.674	 	1.407	 	
0.106	 	0.750	 	0.071	 	-0.734	 	-0.843	 	-1.120	 	0.675	 	1.409	 	
0.107	 	0.750	 	0.071	 	-0.734	 	-0.843	 	-1.120	 	0.676	 	1.410	 	
0.108	 	0.750	 	0.071	 	-0.735	 	-0.844	 	-1.120	 	0.677	 	1.412	 	
0.109	 	0.750	 	0.071	 	-0.736	 	-0.844	 	-1.120	 	0.678	 	1.414	 	
0.110	 	0.750	 	0.071	 	-0.736	 	-0.845	 	-1.120	 	0.679	 	1.416	 	
0.111	 	0.750	 	0.071	 	-0.737	 	-0.846	 	-1.120	 	0.680	 	1.417	 	
0.112	 	0.750	 	0.071	 	-0.738	 	-0.846	 	-1.120	 	0.681	 	1.419	 	
0.113	 	0.750	 	0.071	 	-0.739	 	-0.847	 	-1.120	 	0.682	 	1.421	 	
0.114	 	0.750	 	0.071	 	-0.739	 	-0.848	 	-1.121	 	0.683	 	1.423	 	
0.115	 	0.750	 	0.071	 	-0.740	 	-0.848	 	-1.121	 	0.684	 	1.424	 	
0.116	 	0.750	 	0.071	 	-0.741	 	-0.849	 	-1.121	 	0.685	 	1.426	 	
0.117	 	0.750	 	0.071	 	-0.741	 	-0.849	 	-1.121	 	0.686	 	1.428	 	
0.118	 	0.750	 	0.071	 	-0.742	 	-0.850	 	-1.121	 	0.687	 	1.430	 	
0.119	 	0.750	 	0.071	 	-0.743	 	-0.851	 	-1.121	 	0.689	 	1.431	 	
0.120	 	0.750	 	0.071	 	-0.743	 	-0.851	 	-1.121	 	0.690	 	1.433	 	
0.121	 	0.750	 	0.071	 	-0.744	 	-0.852	 	-1.121	 	0.691	 	1.435	 	
0.122	 	0.750	 	0.072	 	-0.745	 	-0.852	 	-1.122	 	0.692	 	1.436	 	
0.123	 	0.750	 	0.072	 	-0.746	 	-0.853	 	-1.122	 	0.693	 	1.438	 	
0.124	 	0.750	 	0.072	 	-0.746	 	-0.854	 	-1.122	 	0.694	 	1.440	 	
0.125	 	0.750	 	0.072	 	-0.747	 	-0.854	 	-1.122	 	0.695	 	1.442	 	
0.126	 	0.750	 	0.072	 	-0.748	 	-0.855	 	-1.122	 	0.696	 	1.443	 	
0.127	 	0.750	 	0.072	 	-0.748	 	-0.856	 	-1.122	 	0.697	 	1.445	 	
0.128	 	0.750	 	0.072	 	-0.749	 	-0.856	 	-1.122	 	0.698	 	1.447	 	
0.129	 	0.750	 	0.072	 	-0.750	 	-0.857	 	-1.122	 	0.699	 	1.449	 	
0.130	 	0.750	 	0.072	 	-0.750	 	-0.857	 	-1.123	 	0.700	 	1.450	 	
0.131	 	0.750	 	0.072	 	-0.751	 	-0.858	 	-1.123	 	0.701	 	1.452	 	
0.132	 	0.750	 	0.072	 	-0.752	 	-0.859	 	-1.123	 	0.702	 	1.454	 	
0.133	 	0.750	 	0.072	 	-0.753	 	-0.859	 	-1.123	 	0.703	 	1.456	 	
0.134	 	0.750	 	0.072	 	-0.753	 	-0.860	 	-1.123	 	0.704	 	1.457	 	
0.135	 	0.750	 	0.072	 	-0.754	 	-0.861	 	-1.123	 	0.705	 	1.459	 	
0.136	 	0.750	 	0.072	 	-0.755	 	-0.861	 	-1.123	 	0.706	 	1.461	 	
0.137	 	0.750	 	0.072	 	-0.755	 	-0.862	 	-1.123	 	0.707	 	1.462	 	
0.138	 	0.750	 	0.072	 	-0.756	 	-0.862	 	-1.124	 	0.708	 	1.464	 	
0.139	 	0.750	 	0.072	 	-0.757	 	-0.863	 	-1.124	 	0.709	 	1.466	 	
0.140	 	0.750	 	0.073	 	-0.757	 	-0.864	 	-1.124	 	0.710	 	1.468	 	
0.141	 	0.750	 	0.073	 	-0.758	 	-0.864	 	-1.124	 	0.711	 	1.469	 	
0.142	 	0.750	 	0.073	 	-0.759	 	-0.865	 	-1.124	 	0.712	 	1.471	 	
0.143	 	0.750	 	0.073	 	-0.760	 	-0.865	 	-1.124	 	0.713	 	1.473	 	
0.144	 	0.750	 	0.073	 	-0.760	 	-0.866	 	-1.124	 	0.714	 	1.475	 	
0.145	 	0.750	 	0.073	 	-0.761	 	-0.867	 	-1.125	 	0.715	 	1.476	 	
0.146	 	0.750	 	0.073	 	-0.762	 	-0.867	 	-1.125	 	0.716	 	1.478	 	
0.147	 	0.750	 	0.073	 	-0.762	 	-0.868	 	-1.125	 	0.717	 	1.480	 	
0.148	 	0.750	 	0.073	 	-0.763	 	-0.869	 	-1.125	 	0.718	 	1.481	 	
0.149	 	0.750	 	0.073	 	-0.764	 	-0.869	 	-1.125	 	0.719	 	1.483	 	
0.150	 	0.750	 	0.073	 	-0.764	 	-0.870	 	-1.125	 	0.721	 	1.485	 	
0.151	 	0.750	 	0.073	 	-0.765	 	-0.870	 	-1.125	 	0.722	 	1.487	 	
0.152	 	0.750	 	0.073	 	-0.766	 	-0.871	 	-1.125	 	0.723	 	1.488	 	
0.153	 	0.750	 	0.073	 	-0.766	 	-0.872	 	-1.126	 	0.724	 	1.490	 	
0.154	 	0.750	 	0.073	 	-0.767	 	-0.872	 	-1.126	 	0.725	 	1.492	 	
0.155	 	0.750	 	0.073	 	-0.768	 	-0.873	 	-1.126	 	0.726	 	1.493	 	
0.156	 	0.750	 	0.073	 	-0.769	 	-0.873	 	-1.126	 	0.727	 	1.495	 	
0.157	 	0.750	 	0.073	 	-0.769	 	-0.874	 	-1.126	 	0.728	 	1.497	 	
0.158	 	0.750	 	0.074	 	-0.770	 	-0.875	 	-1.126	 	0.729	 	1.499	 	
0.159	 	0.750	 	0.074	 	-0.771	 	-0.875	 	-1.126	 	0.730	 	1.500	 	
0.160	 	0.750	 	0.074	 	-0.771	 	-0.876	 	-1.127	 	0.731	 	1.502	 	
0.161	 	0.750	 	0.074	 	-0.772	 	-0.876	 	-1.127	 	0.732	 	1.504	 	
0.162	 	0.750	 	0.074	 	-0.773	 	-0.877	 	-1.127	 	0.733	 	1.505	 	
0.163	 	0.750	 	0.074	 	-0.773	 	-0.878	 	-1.127	 	0.734	 	1.507	 	
0.164	 	0.750	 	0.074	 	-0.774	 	-0.878	 	-1.127	 	0.735	 	1.509	 	
0.165	 	0.750	 	0.074	 	-0.775	 	-0.879	 	-1.127	 	0.736	 	1.511	 	
0.166	 	0.750	 	0.074	 	-0.775	 	-0.879	 	-1.127	 	0.737	 	1.512	 	
0.167	 	0.750	 	0.074	 	-0.776	 	-0.880	 	-1.128	 	0.738	 	1.514	 	
0.168	 	0.750	 	0.074	 	-0.777	 	-0.881	 	-1.128	 	0.739	 	1.516	 	
0.169	 	0.750	 	0.074	 	-0.777	 	-0.881	 	-1.128	 	0.740	 	1.517	 	
0.170	 	0.750	 	0.074	 	-0.778	 	-0.882	 	-1.128	 	0.741	 	1.519	 	
0.171	 	0.750	 	0.074	 	-0.779	 	-0.883	 	-1.128	 	0.742	 	1.521	 	
0.172	 	0.750	 	0.074	 	-0.780	 	-0.883	 	-1.128	 	0.743	 	1.522	 	
0.173	 	0.750	 	0.074	 	-0.780	 	-0.884	 	-1.128	 	0.744	 	1.524	 	
0.174	 	0.750	 	0.074	 	-0.781	 	-0.884	 	-1.128	 	0.745	 	1.526	 	
0.175	 	0.750	 	0.074	 	-0.782	 	-0.885	 	-1.129	 	0.746	 	1.528	 	
0.176	 	0.750	 	0.074	 	-0.782	 	-0.886	 	-1.129	 	0.747	 	1.529	 	
0.177	 	0.750	 	0.075	 	-0.783	 	-0.886	 	-1.129	 	0.748	 	1.531	 	
0.178	 	0.750	 	0.075	 	-0.784	 	-0.887	 	-1.129	 	0.749	 	1.533	 	
0.179	 	0.750	 	0.075	 	-0.784	 	-0.887	 	-1.129	 	0.750	 	1.534	 	
0.180	 	0.750	 	0.075	 	-0.785	 	-0.888	 	-1.129	 	0.751	 	1.536	 	
0.181	 	0.750	 	0.075	 	-0.786	 	-0.889	 	-1.129	 	0.752	 	1.538	 	
0.182	 	0.750	 	0.075	 	-0.786	 	-0.889	 	-1.130	 	0.753	 	1.539	 	
0.183	 	0.750	 	0.075	 	-0.787	 	-0.890	 	-1.130	 	0.754	 	1.541	 	
0.184	 	0.750	 	0.075	 	-0.788	 	-0.890	 	-1.130	 	0.755	 	1.543	 	
0.185	 	0.750	 	0.075	 	-0.788	 	-0.891	 	-1.130	 	0.756	 	1.544	 	
0.186	 	0.750	 	0.075	 	-0.789	 	-0.892	 	-1.130	 	0.757	 	1.546	 	
0.187	 	0.750	 	0.075	 	-0.790	 	-0.892	 	-1.130	 	0.758	 	1.548	 	
0.188	 	0.750	 	0.075	 	-0.790	 	-0.893	 	-1.130	 	0.759	 	1.549	 	
0.189	 	0.750	 	0.075	 	-0.791	 	-0.893	 	-1.131	 	0.760	 	1.551	 	
0.190	 	0.750	 	0.075	 	-0.792	 	-0.894	 	-1.131	 	0.761	 	1.553	 	
0.191	 	0.750	 	0.075	 	-0.793	 	-0.895	 	-1.131	 	0.762	 	1.555	 	
0.192	 	0.750	 	0.075	 	-0.793	 	-0.895	 	-1.131	 	0.763	 	1.556	 	
0.193	 	0.750	 	0.075	 	-0.794	 	-0.896	 	-1.131	 	0.764	 	1.558	 	
0.194	 	0.750	 	0.075	 	-0.795	 	-0.896	 	-1.131	 	0.765	 	1.560	 	
0.195	 	0.750	 	0.076	 	-0.795	 	-0.897	 	-1.131	 	0.766	 	1.561	 	
0.196	 	0.750	 	0.076	 	-0.796	 	-0.898	 	-1.131	 	0.767	 	1.563	 	
0.197	 	0.750	 	0.076	 	-0.797	 	-0.898	 	-1.132	 	0.768	 	1.565	 	
0.198	 	0.750	 	0.076	 	-0.797	 	-0.899	 	-1.132	 	0.769	 	1.566	 	
0.199	 	0.750	 	0.076	 	-0.798	 	-0.899	 	-1.132	 	0.770	 	1.568	 	
0.200	 	0.750	 	0.076	 	-0.799	 	-0.900	 	-1.132	 	0.771	 	1.570	 	
0.201	 	0.750	 	0.076	 	-0.799	 	-0.901	 	-1.132	 	0.772	 	1.571	 	
0.202	 	0.750	 	0.076	 	-0.800	 	-0.901	 	-1.132	 	0.773	 	1.573	 	
0.203	 	0.750	 	0.076	 	-0.801	 	-0.902	 	-1.132	 	0.774	 	1.575	 	
0.204	 	0.750	 	0.076	 	-0.801	 	-0.902	 	-1.133	 	0.775	 	1.576	 	
0.205	 	0.750	 	0.076	 	-0.802	 	-0.903	 	-1.133	 	0.776	 	1.578	 	
0.206	 	0.750	 	0.076	 	-0.803	 	-0.903	 	-1.133	 	0.777	 	1.580	 	
0.207	 	0.750	 	0.076	 	-0.803	 	-0.904	 	-1.133	 	0.778	 	1.581	 	
0.208	 	0.750	 	0.076	 	-0.804	 	-0.905	 	-1.133	 	0.779	 	1.583	 	
0.209	 	0.750	 	0.076	 	-0.805	 	-0.905	 	-1.133	 	0.780	 	1.585	 	
0.210	 	0.750	 	0.076	 	-0.805	 	-0.906	 	-1.133	 	0.781	 	1.586	 	
0.211	 	0.750	 	0.076	 	-0.806	 	-0.906	 	-1.134	 	0.782	 	1.588	 	
0.212	 	0.750	 	0.076	 	-0.807	 	-0.907	 	-1.134	 	0.783	 	1.589	 	
0.213	 	0.750	 	0.076	 	-0.807	 	-0.908	 	-1.134	 	0.784	 	1.591	 	
0.214	 	0.750	 	0.077	 	-0.808	 	-0.908	 	-1.134	 	0.785	 	1.593	 	
0.215	 	0.750	 	0.077	 	-0.809	 	-0.909	 	-1.134	 	0.786	 	1.594	 	
0.216	 	0.750	 	0.077	 	-0.809	 	-0.909	 	-1.134	 	0.787	 	1.596	 	
0.217	 	0.750	 	0.077	 	-0.810	 	-0.910	 	-1.134	 	0.788	 	1.598	 	
0.218	 	0.750	 	0.077	 	-0.811	 	-0.911	 	-1.135	 	0.789	 	1.599	 	
0.219	 	0.750	 	0.077	 	-0.811	 	-0.911	 	-1.135	 	0.790	 	1.601	 	
0.220	 	0.750	 	0.077	 	-0.812	 	-0.912	 	-1.135	 	0.791	 	1.603	 	
0.221	 	0.750	 	0.077	 	-0.813	 	-0.912	 	-1.135	 	0.791	 	1.604	 	
0.222	 	0.750	 	0.077	 	-0.813	 	-0.913	 	-1.135	 	0.792	 	1.606	 	
0.223	 	0.750	 	0.077	 	-0.814	 	-0.913	 	-1.135	 	0.793	 	1.608	 	
0.224	 	0.750	 	0.077	 	-0.815	 	-0.914	 	-1.135	 	0.794	 	1.609	 	
0.225	 	0.750	 	0.077	 	-0.815	 	-0.915	 	-1.135	 	0.795	 	1.611	 	
0.226	 	0.750	 	0.077	 	-0.816	 	-0.915	 	-1.136	 	0.796	 	1.612	 	
0.227	 	0.750	 	0.077	 	-0.817	 	-0.916	 	-1.136	 	0.797	 	1.614	 	
0.228	 	0.750	 	0.077	 	-0.817	 	-0.916	 	-1.136	 	0.798	 	1.616	 	
0.229	 	0.750	 	0.077	 	-0.818	 	-0.917	 	-1.136	 	0.799	 	1.617	 	
0.230	 	0.750	 	0.077	 	-0.819	 	-0.918	 	-1.136	 	0.800	 	1.619	 	
0.231	 	0.750	 	0.077	 	-0.819	 	-0.918	 	-1.136	 	0.801	 	1.621	 	
0.232	 	0.750	 	0.078	 	-0.820	 	-0.919	 	-1.136	 	0.802	 	1.622	 	
0.233	 	0.750	 	0.078	 	-0.821	 	-0.919	 	-1.137	 	0.803	 	1.624	 	
0.234	 	0.750	 	0.078	 	-0.821	 	-0.920	 	-1.137	 	0.804	 	1.625	 	
0.235	 	0.750	 	0.078	 	-0.822	 	-0.920	 	-1.137	 	0.805	 	1.627	 	
0.236	 	0.750	 	0.078	 	-0.823	 	-0.921	 	-1.137	 	0.806	 	1.629	 	
0.237	 	0.750	 	0.078	 	-0.823	 	-0.922	 	-1.137	 	0.807	 	1.630	 	
0.238	 	0.750	 	0.078	 	-0.824	 	-0.922	 	-1.137	 	0.808	 	1.632	 	
0.239	 	0.750	 	0.078	 	-0.825	 	-0.923	 	-1.137	 	0.809	 	1.634	 	
0.240	 	0.750	 	0.078	 	-0.825	 	-0.923	 	-1.138	 	0.810	 	1.635	 	
0.241	 	0.750	 	0.078	 	-0.826	 	-0.924	 	-1.138	 	0.811	 	1.637	 	
0.242	 	0.750	 	0.078	 	-0.827	 	-0.924	 	-1.138	 	0.812	 	1.638	 	
0.243	 	0.750	 	0.078	 	-0.827	 	-0.925	 	-1.138	 	0.813	 	1.640	 	
0.244	 	0.750	 	0.078	 	-0.828	 	-0.926	 	-1.138	 	0.814	 	1.642	 	
0.245	 	0.750	 	0.078	 	-0.829	 	-0.926	 	-1.138	 	0.814	 	1.643	 	
0.246	 	0.750	 	0.078	 	-0.829	 	-0.927	 	-1.138	 	0.815	 	1.645	 	
0.247	 	0.750	 	0.078	 	-0.830	 	-0.927	 	-1.139	 	0.816	 	1.646	 	
0.248	 	0.750	 	0.078	 	-0.831	 	-0.928	 	-1.139	 	0.817	 	1.648	 	
0.249	 	0.750	 	0.078	 	-0.831	 	-0.928	 	-1.139	 	0.818	 	1.650	 	
0.250	 	0.750	 	0.078	 	-0.832	 	-0.929	 	-1.139	 	0.819	 	1.651	 	
0.251	 	0.750	 	0.079	 	-0.833	 	-0.930	 	-1.139	 	0.820	 	1.653	 	
0.252	 	0.750	 	0.079	 	-0.833	 	-0.930	 	-1.139	 	0.821	 	1.654	 	
0.253	 	0.750	 	0.079	 	-0.834	 	-0.931	 	-1.139	 	0.822	 	1.656	 	
0.254	 	0.750	 	0.079	 	-0.835	 	-0.931	 	-1.139	 	0.823	 	1.658	 	
0.255	 	0.750	 	0.079	 	-0.835	 	-0.932	 	-1.140	 	0.824	 	1.659	 	
0.256	 	0.750	 	0.079	 	-0.836	 	-0.932	 	-1.140	 	0.825	 	1.661	 	
0.257	 	0.750	 	0.079	 	-0.837	 	-0.933	 	-1.140	 	0.826	 	1.662	 	
0.258	 	0.750	 	0.079	 	-0.837	 	-0.933	 	-1.140	 	0.827	 	1.664	 	
0.259	 	0.750	 	0.079	 	-0.838	 	-0.934	 	-1.140	 	0.828	 	1.666	 	
0.260	 	0.750	 	0.079	 	-0.839	 	-0.935	 	-1.140	 	0.829	 	1.667	 	
0.261	 	0.750	 	0.079	 	-0.839	 	-0.935	 	-1.140	 	0.829	 	1.669	 	
0.262	 	0.750	 	0.079	 	-0.840	 	-0.936	 	-1.141	 	0.830	 	1.670	 	
0.263	 	0.750	 	0.079	 	-0.841	 	-0.936	 	-1.141	 	0.831	 	1.672	 	
0.264	 	0.750	 	0.079	 	-0.841	 	-0.937	 	-1.141	 	0.832	 	1.673	 	
0.265	 	0.750	 	0.079	 	-0.842	 	-0.937	 	-1.141	 	0.833	 	1.675	 	
0.266	 	0.750	 	0.079	 	-0.843	 	-0.938	 	-1.141	 	0.834	 	1.677	 	
0.267	 	0.750	 	0.079	 	-0.843	 	-0.938	 	-1.141	 	0.835	 	1.678	 	
0.268	 	0.750	 	0.079	 	-0.844	 	-0.939	 	-1.141	 	0.836	 	1.680	 	
0.269	 	0.750	 	0.079	 	-0.844	 	-0.940	 	-1.142	 	0.837	 	1.681	 	
0.270	 	0.750	 	0.079	 	-0.845	 	-0.940	 	-1.142	 	0.838	 	1.683	 	
0.271	 	0.750	 	0.080	 	-0.846	 	-0.941	 	-1.142	 	0.839	 	1.684	 	
0.272	 	0.750	 	0.080	 	-0.846	 	-0.941	 	-1.142	 	0.840	 	1.686	 	
0.273	 	0.750	 	0.080	 	-0.847	 	-0.942	 	-1.142	 	0.840	 	1.688	 	
0.274	 	0.750	 	0.080	 	-0.848	 	-0.942	 	-1.142	 	0.841	 	1.689	 	
0.275	 	0.750	 	0.080	 	-0.848	 	-0.943	 	-1.142	 	0.842	 	1.691	 	
0.276	 	0.750	 	0.080	 	-0.849	 	-0.943	 	-1.143	 	0.843	 	1.692	 	
0.277	 	0.750	 	0.080	 	-0.850	 	-0.944	 	-1.143	 	0.844	 	1.694	 	
0.278	 	0.750	 	0.080	 	-0.850	 	-0.945	 	-1.143	 	0.845	 	1.695	 	
0.279	 	0.750	 	0.080	 	-0.851	 	-0.945	 	-1.143	 	0.846	 	1.697	 	
0.280	 	0.750	 	0.080	 	-0.852	 	-0.946	 	-1.143	 	0.847	 	1.698	 	
0.281	 	0.750	 	0.080	 	-0.852	 	-0.946	 	-1.143	 	0.848	 	1.700	 	
0.282	 	0.750	 	0.080	 	-0.853	 	-0.947	 	-1.143	 	0.849	 	1.702	 	
0.283	 	0.750	 	0.080	 	-0.854	 	-0.947	 	-1.144	 	0.850	 	1.703	 	
0.284	 	0.750	 	0.080	 	-0.854	 	-0.948	 	-1.144	 	0.850	 	1.705	 	
0.285	 	0.750	 	0.080	 	-0.855	 	-0.948	 	-1.144	 	0.851	 	1.706	 	
0.286	 	0.750	 	0.080	 	-0.855	 	-0.949	 	-1.144	 	0.852	 	1.708	 	
0.287	 	0.750	 	0.080	 	-0.856	 	-0.949	 	-1.144	 	0.853	 	1.709	 	
0.288	 	0.750	 	0.080	 	-0.857	 	-0.950	 	-1.144	 	0.854	 	1.711	 	
0.289	 	0.750	 	0.080	 	-0.857	 	-0.950	 	-1.144	 	0.855	 	1.712	 	
0.290	 	0.750	 	0.080	 	-0.858	 	-0.951	 	-1.145	 	0.856	 	1.714	 	
0.291	 	0.750	 	0.081	 	-0.859	 	-0.952	 	-1.145	 	0.857	 	1.715	 	
0.292	 	0.750	 	0.081	 	-0.859	 	-0.952	 	-1.145	 	0.858	 	1.717	 	
0.293	 	0.750	 	0.081	 	-0.860	 	-0.953	 	-1.145	 	0.858	 	1.718	 	
0.294	 	0.750	 	0.081	 	-0.861	 	-0.953	 	-1.145	 	0.859	 	1.720	 	
0.295	 	0.750	 	0.081	 	-0.861	 	-0.954	 	-1.145	 	0.860	 	1.722	 	
0.296	 	0.750	 	0.081	 	-0.862	 	-0.954	 	-1.145	 	0.861	 	1.723	 	
0.297	 	0.750	 	0.081	 	-0.863	 	-0.955	 	-1.146	 	0.862	 	1.725	 	
0.298	 	0.750	 	0.081	 	-0.863	 	-0.955	 	-1.146	 	0.863	 	1.726	 	
0.299	 	0.750	 	0.081	 	-0.864	 	-0.956	 	-1.146	 	0.864	 	1.728	 	
0.300	 	0.750	 	0.081	 	-0.864	 	-0.956	 	-1.146	 	0.865	 	1.729	 	
0.301	 	0.750	 	0.081	 	-0.865	 	-0.957	 	-1.146	 	0.866	 	1.731	 	
0.302	 	0.750	 	0.081	 	-0.866	 	-0.957	 	-1.146	 	0.866	 	1.732	 	
0.303	 	0.750	 	0.081	 	-0.866	 	-0.958	 	-1.146	 	0.867	 	1.734	 	
0.304	 	0.750	 	0.081	 	-0.867	 	-0.958	 	-1.146	 	0.868	 	1.735	 	
0.305	 	0.750	 	0.081	 	-0.868	 	-0.959	 	-1.147	 	0.869	 	1.737	 	
0.306	 	0.750	 	0.081	 	-0.868	 	-0.960	 	-1.147	 	0.870	 	1.738	 	
0.307	 	0.750	 	0.081	 	-0.869	 	-0.960	 	-1.147	 	0.871	 	1.740	 	
0.308	 	0.750	 	0.081	 	-0.870	 	-0.961	 	-1.147	 	0.872	 	1.741	 	
0.309	 	0.750	 	0.081	 	-0.870	 	-0.961	 	-1.147	 	0.873	 	1.743	 	
0.310	 	0.750	 	0.081	 	-0.871	 	-0.962	 	-1.147	 	0.873	 	1.744	 	
0.311	 	0.750	 	0.082	 	-0.871	 	-0.962	 	-1.147	 	0.874	 	1.746	 	
0.312	 	0.750	 	0.082	 	-0.872	 	-0.963	 	-1.148	 	0.875	 	1.747	 	
0.313	 	0.750	 	0.082	 	-0.873	 	-0.963	 	-1.148	 	0.876	 	1.749	 	
0.314	 	0.750	 	0.082	 	-0.873	 	-0.964	 	-1.148	 	0.877	 	1.750	 	
0.315	 	0.750	 	0.082	 	-0.874	 	-0.964	 	-1.148	 	0.878	 	1.752	 	
0.316	 	0.750	 	0.082	 	-0.875	 	-0.965	 	-1.148	 	0.879	 	1.753	 	
0.317	 	0.750	 	0.082	 	-0.875	 	-0.965	 	-1.148	 	0.879	 	1.755	 	
0.318	 	0.750	 	0.082	 	-0.876	 	-0.966	 	-1.148	 	0.880	 	1.756	 	
0.319	 	0.750	 	0.082	 	-0.877	 	-0.966	 	-1.149	 	0.881	 	1.758	 	
0.320	 	0.750	 	0.082	 	-0.877	 	-0.967	 	-1.149	 	0.882	 	1.759	 	
0.321	 	0.750	 	0.082	 	-0.878	 	-0.967	 	-1.149	 	0.883	 	1.761	 	
0.322	 	0.750	 	0.082	 	-0.878	 	-0.968	 	-1.149	 	0.884	 	1.762	 	
0.323	 	0.750	 	0.082	 	-0.879	 	-0.968	 	-1.149	 	0.885	 	1.764	 	
0.324	 	0.750	 	0.082	 	-0.880	 	-0.969	 	-1.149	 	0.885	 	1.765	 	
0.325	 	0.750	 	0.082	 	-0.880	 	-0.969	 	-1.149	 	0.886	 	1.767	 	
0.326	 	0.750	 	0.082	 	-0.881	 	-0.970	 	-1.150	 	0.887	 	1.768	 	
0.327	 	0.750	 	0.082	 	-0.882	 	-0.970	 	-1.150	 	0.888	 	1.770	 	
0.328	 	0.750	 	0.082	 	-0.882	 	-0.971	 	-1.150	 	0.889	 	1.771	 	
0.329	 	0.750	 	0.082	 	-0.883	 	-0.971	 	-1.150	 	0.890	 	1.772	 	
0.330	 	0.750	 	0.082	 	-0.883	 	-0.972	 	-1.150	 	0.890	 	1.774	 	
0.331	 	0.750	 	0.082	 	-0.884	 	-0.972	 	-1.150	 	0.891	 	1.775	 	
0.332	 	0.750	 	0.083	 	-0.885	 	-0.973	 	-1.150	 	0.892	 	1.777	 	
0.333	 	0.750	 	0.083	 	-0.885	 	-0.973	 	-1.151	 	0.893	 	1.778	 	
0.334	 	0.750	 	0.083	 	-0.886	 	-0.974	 	-1.151	 	0.894	 	1.780	 	
0.335	 	0.750	 	0.083	 	-0.887	 	-0.974	 	-1.151	 	0.895	 	1.781	 	
0.336	 	0.750	 	0.083	 	-0.887	 	-0.975	 	-1.151	 	0.896	 	1.783	 	
0.337	 	0.750	 	0.083	 	-0.888	 	-0.975	 	-1.151	 	0.896	 	1.784	 	
0.338	 	0.750	 	0.083	 	-0.888	 	-0.976	 	-1.151	 	0.897	 	1.786	 	
0.339	 	0.750	 	0.083	 	-0.889	 	-0.976	 	-1.151	 	0.898	 	1.787	 	
0.340	 	0.750	 	0.083	 	-0.890	 	-0.977	 	-1.152	 	0.899	 	1.789	 	
0.341	 	0.750	 	0.083	 	-0.890	 	-0.977	 	-1.152	 	0.900	 	1.790	 	
0.342	 	0.750	 	0.083	 	-0.891	 	-0.978	 	-1.152	 	0.900	 	1.791	 	
0.343	 	0.750	 	0.083	 	-0.892	 	-0.978	 	-1.152	 	0.901	 	1.793	 	
0.344	 	0.750	 	0.083	 	-0.892	 	-0.979	 	-1.152	 	0.902	 	1.794	 	
0.345	 	0.750	 	0.083	 	-0.893	 	-0.979	 	-1.152	 	0.903	 	1.796	 	
0.346	 	0.750	 	0.083	 	-0.893	 	-0.980	 	-1.153	 	0.904	 	1.797	 	
0.347	 	0.750	 	0.083	 	-0.894	 	-0.980	 	-1.153	 	0.905	 	1.799	 	
0.348	 	0.750	 	0.083	 	-0.895	 	-0.981	 	-1.153	 	0.905	 	1.800	 	
0.349	 	0.750	 	0.083	 	-0.895	 	-0.981	 	-1.153	 	0.906	 	1.802	 	
0.350	 	0.750	 	0.083	 	-0.896	 	-0.982	 	-1.153	 	0.907	 	1.803	 	
0.351	 	0.750	 	0.083	 	-0.897	 	-0.982	 	-1.153	 	0.908	 	1.804	 	
0.352	 	0.750	 	0.083	 	-0.897	 	-0.983	 	-1.153	 	0.909	 	1.806	 	
0.353	 	0.750	 	0.084	 	-0.898	 	-0.983	 	-1.154	 	0.909	 	1.807	 	
0.354	 	0.750	 	0.084	 	-0.898	 	-0.984	 	-1.154	 	0.910	 	1.809	 	
0.355	 	0.750	 	0.084	 	-0.899	 	-0.984	 	-1.154	 	0.911	 	1.810	 	
0.356	 	0.750	 	0.084	 	-0.900	 	-0.985	 	-1.154	 	0.912	 	1.812	 	
0.357	 	0.750	 	0.084	 	-0.900	 	-0.985	 	-1.154	 	0.913	 	1.813	 	
0.358	 	0.750	 	0.084	 	-0.901	 	-0.986	 	-1.154	 	0.914	 	1.814	 	
0.359	 	0.750	 	0.084	 	-0.901	 	-0.986	 	-1.154	 	0.914	 	1.816	 	
0.360	 	0.750	 	0.084	 	-0.902	 	-0.987	 	-1.155	 	0.915	 	1.817	 	
0.361	 	0.750	 	0.084	 	-0.903	 	-0.987	 	-1.155	 	0.916	 	1.819	 	
0.362	 	0.750	 	0.084	 	-0.903	 	-0.988	 	-1.155	 	0.917	 	1.820	 	
0.363	 	0.750	 	0.084	 	-0.904	 	-0.988	 	-1.155	 	0.918	 	1.821	 	
0.364	 	0.750	 	0.084	 	-0.905	 	-0.988	 	-1.155	 	0.918	 	1.823	 	
0.365	 	0.750	 	0.084	 	-0.905	 	-0.989	 	-1.155	 	0.919	 	1.824	 	
0.366	 	0.750	 	0.084	 	-0.906	 	-0.989	 	-1.155	 	0.920	 	1.826	 	
0.367	 	0.750	 	0.084	 	-0.906	 	-0.990	 	-1.156	 	0.921	 	1.827	 	
0.368	 	0.750	 	0.084	 	-0.907	 	-0.990	 	-1.156	 	0.922	 	1.828	 	
0.369	 	0.750	 	0.084	 	-0.908	 	-0.991	 	-1.156	 	0.922	 	1.830	 	
0.370	 	0.750	 	0.084	 	-0.908	 	-0.991	 	-1.156	 	0.923	 	1.831	 	
0.371	 	0.750	 	0.084	 	-0.909	 	-0.992	 	-1.156	 	0.924	 	1.833	 	
0.372	 	0.750	 	0.084	 	-0.909	 	-0.992	 	-1.156	 	0.925	 	1.834	 	
0.373	 	0.750	 	0.084	 	-0.910	 	-0.993	 	-1.157	 	0.925	 	1.835	 	
0.374	 	0.750	 	0.084	 	-0.911	 	-0.993	 	-1.157	 	0.926	 	1.837	 	
0.375	 	0.750	 	0.085	 	-0.911	 	-0.994	 	-1.157	 	0.927	 	1.838	 	
0.376	 	0.750	 	0.085	 	-0.912	 	-0.994	 	-1.157	 	0.928	 	1.840	 	
0.377	 	0.750	 	0.085	 	-0.912	 	-0.995	 	-1.157	 	0.929	 	1.841	 	
0.378	 	0.750	 	0.085	 	-0.913	 	-0.995	 	-1.157	 	0.929	 	1.842	 	
0.379	 	0.750	 	0.085	 	-0.914	 	-0.995	 	-1.157	 	0.930	 	1.844	 	
0.380	 	0.750	 	0.085	 	-0.914	 	-0.996	 	-1.158	 	0.931	 	1.845	 	
0.381	 	0.750	 	0.085	 	-0.915	 	-0.996	 	-1.158	 	0.932	 	1.847	 	
0.382	 	0.750	 	0.085	 	-0.915	 	-0.997	 	-1.158	 	0.932	 	1.848	 	
0.383	 	0.750	 	0.085	 	-0.916	 	-0.997	 	-1.158	 	0.933	 	1.849	 	
0.384	 	0.750	 	0.085	 	-0.917	 	-0.998	 	-1.158	 	0.934	 	1.851	 	
0.385	 	0.750	 	0.085	 	-0.917	 	-0.998	 	-1.158	 	0.935	 	1.852	 	
0.386	 	0.750	 	0.085	 	-0.918	 	-0.999	 	-1.159	 	0.936	 	1.853	 	
0.387	 	0.750	 	0.085	 	-0.918	 	-0.999	 	-1.159	 	0.936	 	1.855	 	
0.388	 	0.750	 	0.085	 	-0.919	 	-0.999	 	-1.159	 	0.937	 	1.856	 	
0.389	 	0.750	 	0.085	 	-0.920	 	-1.000	 	-1.159	 	0.938	 	1.858	 	
0.390	 	0.750	 	0.085	 	-0.920	 	-1.000	 	-1.159	 	0.939	 	1.859	 	
0.391	 	0.750	 	0.085	 	-0.921	 	-1.001	 	-1.159	 	0.939	 	1.860	 	
0.392	 	0.750	 	0.085	 	-0.921	 	-1.001	 	-1.159	 	0.940	 	1.862	 	
0.393	 	0.750	 	0.085	 	-0.922	 	-1.002	 	-1.160	 	0.941	 	1.863	 	
0.394	 	0.750	 	0.085	 	-0.923	 	-1.002	 	-1.160	 	0.942	 	1.864	 	
0.395	 	0.750	 	0.085	 	-0.923	 	-1.003	 	-1.160	 	0.942	 	1.866	 	
0.396	 	0.750	 	0.085	 	-0.924	 	-1.003	 	-1.160	 	0.943	 	1.867	 	
0.397	 	0.750	 	0.086	 	-0.924	 	-1.003	 	-1.160	 	0.944	 	1.868	 	
0.398	 	0.750	 	0.086	 	-0.925	 	-1.004	 	-1.160	 	0.945	 	1.870	 	
0.399	 	0.750	 	0.086	 	-0.926	 	-1.004	 	-1.161	 	0.945	 	1.871	 	
0.400	 	0.750	 	0.086	 	-0.926	 	-1.005	 	-1.161	 	0.946	 	1.872	 	
0.401	 	0.750	 	0.086	 	-0.927	 	-1.005	 	-1.161	 	0.947	 	1.874	 	
0.402	 	0.750	 	0.086	 	-0.927	 	-1.006	 	-1.161	 	0.948	 	1.875	 	
0.403	 	0.750	 	0.086	 	-0.928	 	-1.006	 	-1.161	 	0.948	 	1.876	 	
0.404	 	0.750	 	0.086	 	-0.929	 	-1.006	 	-1.161	 	0.949	 	1.878	 	
0.405	 	0.750	 	0.086	 	-0.929	 	-1.007	 	-1.162	 	0.950	 	1.879	 	
0.406	 	0.750	 	0.086	 	-0.930	 	-1.007	 	-1.162	 	0.951	 	1.880	 	
0.407	 	0.750	 	0.086	 	-0.930	 	-1.008	 	-1.162	 	0.951	 	1.882	 	
0.408	 	0.750	 	0.086	 	-0.931	 	-1.008	 	-1.162	 	0.952	 	1.883	 	
0.409	 	0.750	 	0.086	 	-0.932	 	-1.008	 	-1.162	 	0.953	 	1.884	 	
0.410	 	0.750	 	0.086	 	-0.932	 	-1.009	 	-1.162	 	0.954	 	1.886	 	
0.411	 	0.750	 	0.086	 	-0.933	 	-1.009	 	-1.163	 	0.954	 	1.887	 	
0.412	 	0.750	 	0.086	 	-0.933	 	-1.010	 	-1.163	 	0.955	 	1.888	 	
0.413	 	0.750	 	0.086	 	-0.934	 	-1.010	 	-1.163	 	0.956	 	1.890	 	
0.414	 	0.750	 	0.086	 	-0.935	 	-1.011	 	-1.163	 	0.956	 	1.891	 	
0.415	 	0.750	 	0.086	 	-0.935	 	-1.011	 	-1.163	 	0.957	 	1.892	 	
0.416	 	0.750	 	0.086	 	-0.936	 	-1.011	 	-1.163	 	0.958	 	1.894	 	
0.417	 	0.750	 	0.086	 	-0.936	 	-1.012	 	-1.164	 	0.959	 	1.895	 	
0.418	 	0.750	 	0.086	 	-0.937	 	-1.012	 	-1.164	 	0.959	 	1.896	 	
0.419	 	0.750	 	0.086	 	-0.938	 	-1.013	 	-1.164	 	0.960	 	1.898	 	
0.420	 	0.750	 	0.086	 	-0.938	 	-1.013	 	-1.164	 	0.961	 	1.899	 	
0.421	 	0.750	 	0.087	 	-0.939	 	-1.013	 	-1.164	 	0.961	 	1.900	 	
0.422	 	0.750	 	0.087	 	-0.939	 	-1.014	 	-1.164	 	0.962	 	1.902	 	
0.423	 	0.750	 	0.087	 	-0.940	 	-1.014	 	-1.165	 	0.963	 	1.903	 	
0.424	 	0.750	 	0.087	 	-0.940	 	-1.015	 	-1.165	 	0.964	 	1.904	 	
0.425	 	0.750	 	0.087	 	-0.941	 	-1.015	 	-1.165	 	0.964	 	1.905	 	
0.426	 	0.750	 	0.087	 	-0.942	 	-1.015	 	-1.165	 	0.965	 	1.907	 	
0.427	 	0.750	 	0.087	 	-0.942	 	-1.016	 	-1.165	 	0.966	 	1.908	 	
0.428	 	0.750	 	0.087	 	-0.943	 	-1.016	 	-1.165	 	0.966	 	1.909	 	
0.429	 	0.750	 	0.087	 	-0.943	 	-1.017	 	-1.166	 	0.967	 	1.911	 	
0.430	 	0.750	 	0.087	 	-0.944	 	-1.017	 	-1.166	 	0.968	 	1.912	 	
0.431	 	0.750	 	0.087	 	-0.945	 	-1.017	 	-1.166	 	0.969	 	1.913	 	
0.432	 	0.750	 	0.087	 	-0.945	 	-1.018	 	-1.166	 	0.969	 	1.914	 	
0.433	 	0.750	 	0.087	 	-0.946	 	-1.018	 	-1.166	 	0.970	 	1.916	 	
0.434	 	0.750	 	0.087	 	-0.946	 	-1.018	 	-1.167	 	0.971	 	1.917	 	
0.435	 	0.750	 	0.087	 	-0.947	 	-1.019	 	-1.167	 	0.971	 	1.918	 	
0.436	 	0.750	 	0.087	 	-0.947	 	-1.019	 	-1.167	 	0.972	 	1.920	 	
0.437	 	0.750	 	0.087	 	-0.948	 	-1.020	 	-1.167	 	0.973	 	1.921	 	
0.438	 	0.750	 	0.087	 	-0.949	 	-1.020	 	-1.167	 	0.973	 	1.922	 	
0.439	 	0.750	 	0.087	 	-0.949	 	-1.020	 	-1.167	 	0.974	 	1.923	 	
0.440	 	0.750	 	0.087	 	-0.950	 	-1.021	 	-1.168	 	0.975	 	1.925	 	
0.441	 	0.750	 	0.087	 	-0.950	 	-1.021	 	-1.168	 	0.976	 	1.926	 	
0.442	 	0.750	 	0.087	 	-0.951	 	-1.021	 	-1.168	 	0.976	 	1.927	 	
0.443	 	0.750	 	0.087	 	-0.952	 	-1.022	 	-1.168	 	0.977	 	1.928	 	
0.444	 	0.750	 	0.087	 	-0.952	 	-1.022	 	-1.168	 	0.978	 	1.930	 	
0.445	 	0.750	 	0.088	 	-0.953	 	-1.023	 	-1.169	 	0.978	 	1.931	 	
0.446	 	0.750	 	0.088	 	-0.953	 	-1.023	 	-1.169	 	0.979	 	1.932	 	
0.447	 	0.750	 	0.088	 	-0.954	 	-1.023	 	-1.169	 	0.980	 	1.933	 	
0.448	 	0.750	 	0.088	 	-0.954	 	-1.024	 	-1.169	 	0.980	 	1.935	 	
0.449	 	0.750	 	0.088	 	-0.955	 	-1.024	 	-1.169	 	0.981	 	1.936	 	
0.450	 	0.750	 	0.088	 	-0.956	 	-1.024	 	-1.169	 	0.982	 	1.937	 	
0.451	 	0.750	 	0.088	 	-0.956	 	-1.025	 	-1.170	 	0.982	 	1.939	 	
0.452	 	0.750	 	0.088	 	-0.957	 	-1.025	 	-1.170	 	0.983	 	1.940	 	
0.453	 	0.750	 	0.088	 	-0.957	 	-1.025	 	-1.170	 	0.984	 	1.941	 	
0.454	 	0.750	 	0.088	 	-0.958	 	-1.026	 	-1.170	 	0.984	 	1.942	 	
0.455	 	0.750	 	0.088	 	-0.958	 	-1.026	 	-1.170	 	0.985	 	1.943	 	
0.456	 	0.750	 	0.088	 	-0.959	 	-1.026	 	-1.171	 	0.986	 	1.945	 	
0.457	 	0.750	 	0.088	 	-0.960	 	-1.027	 	-1.171	 	0.986	 	1.946	 	
0.458	 	0.750	 	0.088	 	-0.960	 	-1.027	 	-1.171	 	0.987	 	1.947	 	
0.459	 	0.750	 	0.088	 	-0.961	 	-1.028	 	-1.171	 	0.988	 	1.948	 	
0.460	 	0.750	 	0.088	 	-0.961	 	-1.028	 	-1.171	 	0.988	 	1.950	 	
0.461	 	0.750	 	0.088	 	-0.962	 	-1.028	 	-1.172	 	0.989	 	1.951	 	
0.462	 	0.750	 	0.088	 	-0.962	 	-1.029	 	-1.172	 	0.990	 	1.952	 	
0.463	 	0.750	 	0.088	 	-0.963	 	-1.029	 	-1.172	 	0.990	 	1.953	 	
0.464	 	0.750	 	0.088	 	-0.964	 	-1.029	 	-1.172	 	0.991	 	1.955	 	
0.465	 	0.750	 	0.088	 	-0.964	 	-1.030	 	-1.172	 	0.992	 	1.956	 	
0.466	 	0.750	 	0.088	 	-0.965	 	-1.030	 	-1.173	 	0.992	 	1.957	 	
0.467	 	0.750	 	0.088	 	-0.965	 	-1.030	 	-1.173	 	0.993	 	1.958	 	
0.468	 	0.750	 	0.088	 	-0.966	 	-1.031	 	-1.173	 	0.994	 	1.959	 	
0.469	 	0.750	 	0.088	 	-0.966	 	-1.031	 	-1.173	 	0.994	 	1.961	 	
0.470	 	0.750	 	0.089	 	-0.967	 	-1.031	 	-1.173	 	0.995	 	1.962	 	
0.471	 	0.750	 	0.089	 	-0.968	 	-1.032	 	-1.174	 	0.996	 	1.963	 	
0.472	 	0.750	 	0.089	 	-0.968	 	-1.032	 	-1.174	 	0.996	 	1.964	 	
0.473	 	0.750	 	0.089	 	-0.969	 	-1.032	 	-1.174	 	0.997	 	1.966	 	
0.474	 	0.750	 	0.089	 	-0.969	 	-1.032	 	-1.174	 	0.998	 	1.967	 	
0.475	 	0.750	 	0.089	 	-0.970	 	-1.033	 	-1.174	 	0.998	 	1.968	 	
0.476	 	0.750	 	0.089	 	-0.970	 	-1.033	 	-1.175	 	0.999	 	1.969	 	
0.477	 	0.750	 	0.089	 	-0.971	 	-1.033	 	-1.175	 	0.999	 	1.970	 	
0.478	 	0.750	 	0.089	 	-0.971	 	-1.034	 	-1.175	 	1.000	 	1.972	 	
0.479	 	0.750	 	0.089	 	-0.972	 	-1.034	 	-1.175	 	1.001	 	1.973	 	
0.480	 	0.750	 	0.089	 	-0.973	 	-1.034	 	-1.175	 	1.001	 	1.974	 	
0.481	 	0.750	 	0.089	 	-0.973	 	-1.035	 	-1.176	 	1.002	 	1.975	 	
0.482	 	0.750	 	0.089	 	-0.974	 	-1.035	 	-1.176	 	1.003	 	1.976	 	
0.483	 	0.750	 	0.089	 	-0.974	 	-1.035	 	-1.176	 	1.003	 	1.978	 	
0.484	 	0.750	 	0.089	 	-0.975	 	-1.036	 	-1.176	 	1.004	 	1.979	 	
0.485	 	0.750	 	0.089	 	-0.975	 	-1.036	 	-1.177	 	1.005	 	1.980	 	
0.486	 	0.750	 	0.089	 	-0.976	 	-1.036	 	-1.177	 	1.005	 	1.981	 	
0.487	 	0.750	 	0.089	 	-0.976	 	-1.036	 	-1.177	 	1.006	 	1.982	 	
0.488	 	0.750	 	0.089	 	-0.977	 	-1.037	 	-1.177	 	1.006	 	1.983	 	
0.489	 	0.750	 	0.089	 	-0.978	 	-1.037	 	-1.177	 	1.007	 	1.985	 	
0.490	 	0.750	 	0.089	 	-0.978	 	-1.037	 	-1.178	 	1.008	 	1.986	 	
0.491	 	0.750	 	0.089	 	-0.979	 	-1.038	 	-1.178	 	1.008	 	1.987	 	
0.492	 	0.750	 	0.089	 	-0.979	 	-1.038	 	-1.178	 	1.009	 	1.988	 	
0.493	 	0.750	 	0.089	 	-0.980	 	-1.038	 	-1.178	 	1.009	 	1.989	 	
0.494	 	0.750	 	0.089	 	-0.980	 	-1.038	 	-1.178	 	1.010	 	1.990	 	
0.495	 	0.750	 	0.089	 	-0.981	 	-1.039	 	-1.179	 	1.011	 	1.992	 	
0.496	 	0.750	 	0.089	 	-0.981	 	-1.039	 	-1.179	 	1.011	 	1.993	 	
0.497	 	0.750	 	0.090	 	-0.982	 	-1.039	 	-1.179	 	1.012	 	1.994	 	
0.498	 	0.750	 	0.090	 	-0.983	 	-1.040	 	-1.179	 	1.013	 	1.995	 	
0.499	 	0.750	 	0.090	 	-0.983	 	-1.040	 	-1.180	 	1.013	 	1.996	 	
0.500	 	0.750	 	0.090	 	-0.984	 	-1.040	 	-1.180	 	1.014	 	1.997	 	
0.501	 	0.750	 	0.090	 	-0.984	 	-1.040	 	-1.180	 	1.014	 	1.999	 	
0.502	 	0.750	 	0.090	 	-0.985	 	-1.041	 	-1.180	 	1.015	 	2.000	 	
0.503	 	0.750	 	0.090	 	-0.985	 	-1.041	 	-1.181	 	1.016	 	2.001	 	
0.504	 	0.750	 	0.090	 	-0.986	 	-1.041	 	-1.181	 	1.016	 	2.002	 	
0.505	 	0.750	 	0.090	 	-0.986	 	-1.041	 	-1.181	 	1.017	 	2.003	 	
0.506	 	0.750	 	0.090	 	-0.987	 	-1.042	 	-1.181	 	1.017	 	2.004	 	
0.507	 	0.750	 	0.090	 	-0.988	 	-1.042	 	-1.182	 	1.018	 	2.005	 	
0.508	 	0.750	 	0.090	 	-0.988	 	-1.042	 	-1.182	 	1.019	 	2.007	 	
0.509	 	0.750	 	0.090	 	-0.989	 	-1.042	 	-1.182	 	1.019	 	2.008	 	
0.510	 	0.750	 	0.090	 	-0.989	 	-1.043	 	-1.182	 	1.020	 	2.009	 	
0.511	 	0.750	 	0.090	 	-0.990	 	-1.043	 	-1.182	 	1.020	 	2.010	 	
0.512	 	0.750	 	0.090	 	-0.990	 	-1.043	 	-1.183	 	1.021	 	2.011	 	
0.513	 	0.750	 	0.090	 	-0.991	 	-1.043	 	-1.183	 	1.021	 	2.012	 	
0.514	 	0.750	 	0.090	 	-0.991	 	-1.044	 	-1.183	 	1.022	 	2.013	 	
0.515	 	0.750	 	0.090	 	-0.992	 	-1.044	 	-1.183	 	1.023	 	2.015	 	
0.516	 	0.750	 	0.090	 	-0.992	 	-1.044	 	-1.184	 	1.023	 	2.016	 	
0.517	 	0.750	 	0.090	 	-0.993	 	-1.044	 	-1.184	 	1.024	 	2.017	 	
0.518	 	0.750	 	0.090	 	-0.994	 	-1.045	 	-1.184	 	1.024	 	2.018	 	
0.519	 	0.750	 	0.090	 	-0.994	 	-1.045	 	-1.184	 	1.025	 	2.019	 	
0.520	 	0.750	 	0.090	 	-0.995	 	-1.045	 	-1.185	 	1.026	 	2.020	 	
0.521	 	0.750	 	0.090	 	-0.995	 	-1.045	 	-1.185	 	1.026	 	2.021	 	
0.522	 	0.750	 	0.090	 	-0.996	 	-1.045	 	-1.185	 	1.027	 	2.022	 	
0.523	 	0.750	 	0.090	 	-0.996	 	-1.046	 	-1.185	 	1.027	 	2.024	 	
0.524	 	0.750	 	0.091	 	-0.997	 	-1.046	 	-1.186	 	1.028	 	2.025	 	
0.525	 	0.750	 	0.091	 	-0.997	 	-1.046	 	-1.186	 	1.028	 	2.026	 	
0.526	 	0.750	 	0.091	 	-0.998	 	-1.046	 	-1.186	 	1.029	 	2.027	 	
0.527	 	0.750	 	0.091	 	-0.998	 	-1.047	 	-1.186	 	1.030	 	2.028	 	
0.528	 	0.750	 	0.091	 	-0.999	 	-1.047	 	-1.187	 	1.030	 	2.029	 	
0.529	 	0.750	 	0.091	 	-1.000	 	-1.047	 	-1.187	 	1.031	 	2.030	 	
0.530	 	0.750	 	0.091	 	-1.000	 	-1.047	 	-1.187	 	1.031	 	2.031	 	
0.531	 	0.750	 	0.091	 	-1.001	 	-1.047	 	-1.188	 	1.032	 	2.032	 	
0.532	 	0.750	 	0.091	 	-1.001	 	-1.048	 	-1.188	 	1.032	 	2.033	 	
0.533	 	0.750	 	0.091	 	-1.002	 	-1.048	 	-1.188	 	1.033	 	2.035	 	
0.534	 	0.750	 	0.091	 	-1.002	 	-1.048	 	-1.188	 	1.033	 	2.036	 	
0.535	 	0.750	 	0.091	 	-1.003	 	-1.048	 	-1.189	 	1.034	 	2.037	 	
0.536	 	0.750	 	0.091	 	-1.003	 	-1.048	 	-1.189	 	1.035	 	2.038	 	
0.537	 	0.750	 	0.091	 	-1.004	 	-1.049	 	-1.189	 	1.035	 	2.039	 	
0.538	 	0.750	 	0.091	 	-1.004	 	-1.049	 	-1.189	 	1.036	 	2.040	 	
0.539	 	0.750	 	0.091	 	-1.005	 	-1.049	 	-1.190	 	1.036	 	2.041	 	
0.540	 	0.750	 	0.091	 	-1.005	 	-1.049	 	-1.190	 	1.037	 	2.042	 	
0.541	 	0.750	 	0.091	 	-1.006	 	-1.049	 	-1.190	 	1.037	 	2.043	 	
0.542	 	0.750	 	0.091	 	-1.006	 	-1.049	 	-1.191	 	1.038	 	2.044	 	
0.543	 	0.750	 	0.091	 	-1.007	 	-1.050	 	-1.191	 	1.038	 	2.045	 	
0.544	 	0.750	 	0.091	 	-1.008	 	-1.050	 	-1.191	 	1.039	 	2.046	 	
0.545	 	0.750	 	0.091	 	-1.008	 	-1.050	 	-1.191	 	1.039	 	2.048	 	
0.546	 	0.750	 	0.091	 	-1.009	 	-1.050	 	-1.192	 	1.040	 	2.049	 	
0.547	 	0.750	 	0.091	 	-1.009	 	-1.050	 	-1.192	 	1.041	 	2.050	 	
0.548	 	0.750	 	0.091	 	-1.010	 	-1.050	 	-1.192	 	1.041	 	2.051	 	
0.549	 	0.750	 	0.091	 	-1.010	 	-1.051	 	-1.192	 	1.042	 	2.052	 	
0.550	 	0.750	 	0.091	 	-1.011	 	-1.051	 	-1.193	 	1.042	 	2.053	 	
0.551	 	0.750	 	0.091	 	-1.011	 	-1.051	 	-1.193	 	1.043	 	2.054	 	
0.552	 	0.750	 	0.091	 	-1.012	 	-1.051	 	-1.193	 	1.043	 	2.055	 	
0.553	 	0.750	 	0.091	 	-1.012	 	-1.051	 	-1.194	 	1.044	 	2.056	 	
0.554	 	0.750	 	0.092	 	-1.013	 	-1.051	 	-1.194	 	1.044	 	2.057	 	
0.555	 	0.750	 	0.092	 	-1.013	 	-1.052	 	-1.194	 	1.045	 	2.058	 	
0.556	 	0.750	 	0.092	 	-1.014	 	-1.052	 	-1.195	 	1.045	 	2.059	 	
0.557	 	0.750	 	0.092	 	-1.014	 	-1.052	 	-1.195	 	1.046	 	2.060	 	
0.558	 	0.750	 	0.092	 	-1.015	 	-1.052	 	-1.195	 	1.046	 	2.061	 	
0.559	 	0.750	 	0.092	 	-1.015	 	-1.052	 	-1.195	 	1.047	 	2.062	 	
0.560	 	0.750	 	0.092	 	-1.016	 	-1.052	 	-1.196	 	1.047	 	2.063	 	
0.561	 	0.750	 	0.092	 	-1.017	 	-1.052	 	-1.196	 	1.048	 	2.064	 	
0.562	 	0.750	 	0.092	 	-1.017	 	-1.053	 	-1.196	 	1.048	 	2.065	 	
0.563	 	0.750	 	0.092	 	-1.018	 	-1.053	 	-1.197	 	1.049	 	2.066	 	
0.564	 	0.750	 	0.092	 	-1.018	 	-1.053	 	-1.197	 	1.049	 	2.068	 	
0.565	 	0.750	 	0.092	 	-1.019	 	-1.053	 	-1.197	 	1.050	 	2.069	 	
0.566	 	0.750	 	0.092	 	-1.019	 	-1.053	 	-1.198	 	1.050	 	2.070	 	
0.567	 	0.750	 	0.092	 	-1.020	 	-1.053	 	-1.198	 	1.051	 	2.071	 	
0.568	 	0.750	 	0.092	 	-1.020	 	-1.053	 	-1.198	 	1.051	 	2.072	 	
0.569	 	0.750	 	0.092	 	-1.021	 	-1.054	 	-1.198	 	1.052	 	2.073	 	
0.570	 	0.750	 	0.092	 	-1.021	 	-1.054	 	-1.199	 	1.052	 	2.074	 	
0.571	 	0.750	 	0.092	 	-1.022	 	-1.054	 	-1.199	 	1.053	 	2.075	 	
0.572	 	0.750	 	0.092	 	-1.022	 	-1.054	 	-1.199	 	1.053	 	2.076	 	
0.573	 	0.750	 	0.092	 	-1.023	 	-1.054	 	-1.200	 	1.054	 	2.077	 	
0.574	 	0.750	 	0.092	 	-1.023	 	-1.054	 	-1.200	 	1.054	 	2.078	 	
0.575	 	0.750	 	0.092	 	-1.024	 	-1.054	 	-1.200	 	1.055	 	2.079	 	
0.576	 	0.750	 	0.092	 	-1.024	 	-1.054	 	-1.201	 	1.055	 	2.080	 	
0.577	 	0.750	 	0.092	 	-1.025	 	-1.054	 	-1.201	 	1.056	 	2.081	 	
0.578	 	0.750	 	0.092	 	-1.025	 	-1.054	 	-1.201	 	1.056	 	2.082	 	
0.579	 	0.750	 	0.092	 	-1.026	 	-1.055	 	-1.202	 	1.057	 	2.083	 	
0.580	 	0.750	 	0.092	 	-1.026	 	-1.055	 	-1.202	 	1.057	 	2.084	 	
0.581	 	0.750	 	0.092	 	-1.027	 	-1.055	 	-1.202	 	1.058	 	2.085	 	
0.582	 	0.750	 	0.092	 	-1.027	 	-1.055	 	-1.203	 	1.058	 	2.086	 	
0.583	 	0.750	 	0.092	 	-1.028	 	-1.055	 	-1.203	 	1.059	 	2.087	 	
0.584	 	0.750	 	0.092	 	-1.028	 	-1.055	 	-1.203	 	1.059	 	2.088	 	
0.585	 	0.750	 	0.093	 	-1.029	 	-1.055	 	-1.204	 	1.060	 	2.089	 	
0.586	 	0.750	 	0.093	 	-1.029	 	-1.055	 	-1.204	 	1.060	 	2.090	 	
0.587	 	0.750	 	0.093	 	-1.030	 	-1.055	 	-1.204	 	1.061	 	2.091	 	
0.588	 	0.750	 	0.093	 	-1.031	 	-1.055	 	-1.205	 	1.061	 	2.092	 	
0.589	 	0.750	 	0.093	 	-1.031	 	-1.055	 	-1.205	 	1.062	 	2.093	 	
0.590	 	0.750	 	0.093	 	-1.032	 	-1.056	 	-1.205	 	1.062	 	2.094	 	
0.591	 	0.750	 	0.093	 	-1.032	 	-1.056	 	-1.206	 	1.063	 	2.095	 	
0.592	 	0.750	 	0.093	 	-1.033	 	-1.056	 	-1.206	 	1.063	 	2.096	 	
0.593	 	0.750	 	0.093	 	-1.033	 	-1.056	 	-1.206	 	1.064	 	2.097	 	
0.594	 	0.750	 	0.093	 	-1.034	 	-1.056	 	-1.207	 	1.064	 	2.098	 	
0.595	 	0.750	 	0.093	 	-1.034	 	-1.056	 	-1.207	 	1.065	 	2.099	 	
0.596	 	0.750	 	0.093	 	-1.035	 	-1.056	 	-1.207	 	1.065	 	2.100	 	
0.597	 	0.750	 	0.093	 	-1.035	 	-1.056	 	-1.208	 	1.065	 	2.101	 	
0.598	 	0.750	 	0.093	 	-1.036	 	-1.056	 	-1.208	 	1.066	 	2.102	 	
0.599	 	0.750	 	0.093	 	-1.036	 	-1.056	 	-1.208	 	1.066	 	2.103	 	
0.600	 	0.750	 	0.093	 	-1.037	 	-1.056	 	-1.209	 	1.067	 	2.103	 	
0.601	 	0.750	 	0.093	 	-1.037	 	-1.056	 	-1.209	 	1.067	 	2.104	 	
0.602	 	0.750	 	0.093	 	-1.038	 	-1.056	 	-1.209	 	1.068	 	2.105	 	
0.603	 	0.750	 	0.093	 	-1.038	 	-1.056	 	-1.210	 	1.068	 	2.106	 	
0.604	 	0.750	 	0.093	 	-1.039	 	-1.056	 	-1.210	 	1.069	 	2.107	 	
0.605	 	0.750	 	0.093	 	-1.039	 	-1.056	 	-1.210	 	1.069	 	2.108	 	
0.606	 	0.750	 	0.093	 	-1.040	 	-1.056	 	-1.211	 	1.070	 	2.109	 	
0.607	 	0.750	 	0.093	 	-1.040	 	-1.056	 	-1.211	 	1.070	 	2.110	 	
0.608	 	0.750	 	0.093	 	-1.041	 	-1.057	 	-1.211	 	1.070	 	2.111	 	
0.609	 	0.750	 	0.093	 	-1.041	 	-1.057	 	-1.212	 	1.071	 	2.112	 	
0.610	 	0.750	 	0.093	 	-1.042	 	-1.057	 	-1.212	 	1.071	 	2.113	 	
0.611	 	0.750	 	0.093	 	-1.042	 	-1.057	 	-1.213	 	1.072	 	2.114	 	
0.612	 	0.750	 	0.093	 	-1.043	 	-1.057	 	-1.213	 	1.072	 	2.115	 	
0.613	 	0.750	 	0.093	 	-1.043	 	-1.057	 	-1.213	 	1.073	 	2.116	 	
0.614	 	0.750	 	0.093	 	-1.044	 	-1.057	 	-1.214	 	1.073	 	2.117	 	
0.615	 	0.750	 	0.093	 	-1.044	 	-1.057	 	-1.214	 	1.074	 	2.118	 	
0.616	 	0.750	 	0.093	 	-1.045	 	-1.057	 	-1.214	 	1.074	 	2.119	 	
0.617	 	0.750	 	0.093	 	-1.045	 	-1.057	 	-1.215	 	1.074	 	2.120	 	
0.618	 	0.750	 	0.094	 	-1.046	 	-1.057	 	-1.215	 	1.075	 	2.121	 	
0.619	 	0.750	 	0.094	 	-1.046	 	-1.057	 	-1.215	 	1.075	 	2.121	 	
0.620	 	0.750	 	0.094	 	-1.047	 	-1.057	 	-1.216	 	1.076	 	2.122	 	
0.621	 	0.750	 	0.094	 	-1.047	 	-1.057	 	-1.216	 	1.076	 	2.123	 	
0.622	 	0.750	 	0.094	 	-1.048	 	-1.057	 	-1.217	 	1.077	 	2.124	 	
0.623	 	0.750	 	0.094	 	-1.048	 	-1.057	 	-1.217	 	1.077	 	2.125	 	
0.624	 	0.750	 	0.094	 	-1.049	 	-1.057	 	-1.217	 	1.077	 	2.126	 	
0.625	 	0.750	 	0.094	 	-1.049	 	-1.057	 	-1.218	 	1.078	 	2.127	 	
0.626	 	0.750	 	0.094	 	-1.050	 	-1.057	 	-1.218	 	1.078	 	2.128	 	
0.627	 	0.750	 	0.094	 	-1.050	 	-1.057	 	-1.218	 	1.079	 	2.129	 	
0.628	 	0.750	 	0.094	 	-1.051	 	-1.057	 	-1.219	 	1.079	 	2.130	 	
0.629	 	0.750	 	0.094	 	-1.051	 	-1.057	 	-1.219	 	1.080	 	2.131	 	
0.630	 	0.750	 	0.094	 	-1.052	 	-1.057	 	-1.220	 	1.080	 	2.132	 	
0.631	 	0.750	 	0.094	 	-1.052	 	-1.057	 	-1.220	 	1.080	 	2.132	 	
0.632	 	0.750	 	0.094	 	-1.053	 	-1.057	 	-1.220	 	1.081	 	2.133	 	
0.633	 	0.750	 	0.094	 	-1.053	 	-1.057	 	-1.221	 	1.081	 	2.134	 	
0.634	 	0.750	 	0.094	 	-1.054	 	-1.057	 	-1.221	 	1.082	 	2.135	 	
0.635	 	0.750	 	0.094	 	-1.054	 	-1.057	 	-1.221	 	1.082	 	2.136	 	
0.636	 	0.750	 	0.094	 	-1.055	 	-1.057	 	-1.222	 	1.082	 	2.137	 	
0.637	 	0.750	 	0.094	 	-1.055	 	-1.057	 	-1.222	 	1.083	 	2.138	 	
0.638	 	0.750	 	0.094	 	-1.056	 	-1.057	 	-1.223	 	1.083	 	2.139	 	
0.639	 	0.750	 	0.094	 	-1.056	 	-1.057	 	-1.223	 	1.084	 	2.140	 	
0.640	 	0.750	 	0.094	 	-1.057	 	-1.057	 	-1.223	 	1.084	 	2.141	 	
0.641	 	0.750	 	0.094	 	-1.057	 	-1.057	 	-1.224	 	1.084	 	2.141	 	
0.642	 	0.750	 	0.094	 	-1.057	 	-1.057	 	-1.224	 	1.085	 	2.141	 	
0.643	 	0.750	 	0.094	 	-1.058	 	-1.057	 	-1.225	 	1.085	 	2.142	 	
0.644	 	0.750	 	0.094	 	-1.058	 	-1.057	 	-1.225	 	1.086	 	2.142	 	
0.645	 	0.750	 	0.094	 	-1.059	 	-1.056	 	-1.225	 	1.086	 	2.143	 	
0.646	 	0.750	 	0.094	 	-1.059	 	-1.056	 	-1.226	 	1.086	 	2.143	 	
0.647	 	0.750	 	0.094	 	-1.060	 	-1.056	 	-1.226	 	1.087	 	2.143	 	
0.648	 	0.750	 	0.094	 	-1.060	 	-1.056	 	-1.226	 	1.087	 	2.144	 	
0.649	 	0.750	 	0.094	 	-1.061	 	-1.056	 	-1.227	 	1.088	 	2.144	 	
0.650	 	0.750	 	0.094	 	-1.061	 	-1.056	 	-1.227	 	1.088	 	2.144	 	
0.651	 	0.750	 	0.094	 	-1.062	 	-1.056	 	-1.228	 	1.088	 	2.145	 	
0.652	 	0.750	 	0.094	 	-1.062	 	-1.056	 	-1.228	 	1.089	 	2.145	 	
0.653	 	0.750	 	0.095	 	-1.063	 	-1.056	 	-1.228	 	1.089	 	2.145	 	
0.654	 	0.750	 	0.095	 	-1.063	 	-1.056	 	-1.229	 	1.090	 	2.146	 	
0.655	 	0.750	 	0.095	 	-1.064	 	-1.056	 	-1.229	 	1.090	 	2.146	 	
0.656	 	0.750	 	0.095	 	-1.064	 	-1.056	 	-1.230	 	1.090	 	2.146	 	
0.657	 	0.750	 	0.095	 	-1.065	 	-1.056	 	-1.230	 	1.091	 	2.147	 	
0.658	 	0.750	 	0.095	 	-1.065	 	-1.056	 	-1.230	 	1.091	 	2.147	 	
0.659	 	0.750	 	0.095	 	-1.066	 	-1.056	 	-1.231	 	1.091	 	2.147	 	
0.660	 	0.750	 	0.095	 	-1.066	 	-1.056	 	-1.231	 	1.092	 	2.148	 	
0.661	 	0.750	 	0.095	 	-1.067	 	-1.056	 	-1.232	 	1.092	 	2.148	 	
0.662	 	0.750	 	0.095	 	-1.067	 	-1.056	 	-1.232	 	1.093	 	2.148	 	
0.663	 	0.750	 	0.095	 	-1.068	 	-1.056	 	-1.232	 	1.093	 	2.148	 	
0.664	 	0.750	 	0.095	 	-1.068	 	-1.055	 	-1.233	 	1.093	 	2.149	 	
0.665	 	0.750	 	0.095	 	-1.069	 	-1.055	 	-1.233	 	1.094	 	2.149	 	
0.666	 	0.750	 	0.095	 	-1.069	 	-1.055	 	-1.234	 	1.094	 	2.149	 	
0.667	 	0.750	 	0.095	 	-1.070	 	-1.055	 	-1.234	 	1.094	 	2.150	 	
0.668	 	0.750	 	0.095	 	-1.070	 	-1.055	 	-1.235	 	1.095	 	2.150	 	
0.669	 	0.750	 	0.095	 	-1.070	 	-1.055	 	-1.235	 	1.095	 	2.150	 	
0.670	 	0.750	 	0.095	 	-1.071	 	-1.055	 	-1.235	 	1.095	 	2.150	 	
0.671	 	0.750	 	0.095	 	-1.071	 	-1.055	 	-1.236	 	1.096	 	2.151	 	
0.672	 	0.750	 	0.095	 	-1.072	 	-1.055	 	-1.236	 	1.096	 	2.151	 	
0.673	 	0.750	 	0.095	 	-1.072	 	-1.055	 	-1.237	 	1.097	 	2.151	 	
0.674	 	0.750	 	0.095	 	-1.073	 	-1.055	 	-1.237	 	1.097	 	2.152	 	
0.675	 	0.750	 	0.095	 	-1.073	 	-1.055	 	-1.237	 	1.097	 	2.152	 	
0.676	 	0.750	 	0.095	 	-1.074	 	-1.054	 	-1.238	 	1.098	 	2.152	 	
0.677	 	0.750	 	0.095	 	-1.074	 	-1.054	 	-1.238	 	1.098	 	2.152	 	
0.678	 	0.750	 	0.095	 	-1.075	 	-1.054	 	-1.239	 	1.098	 	2.153	 	
0.679	 	0.750	 	0.095	 	-1.075	 	-1.054	 	-1.239	 	1.099	 	2.153	 	
0.680	 	0.750	 	0.095	 	-1.076	 	-1.054	 	-1.239	 	1.099	 	2.153	 	
0.681	 	0.750	 	0.095	 	-1.076	 	-1.054	 	-1.240	 	1.099	 	2.153	 	
0.682	 	0.750	 	0.095	 	-1.077	 	-1.054	 	-1.240	 	1.100	 	2.154	 	
0.683	 	0.750	 	0.095	 	-1.077	 	-1.054	 	-1.241	 	1.100	 	2.154	 	
0.684	 	0.750	 	0.095	 	-1.078	 	-1.054	 	-1.241	 	1.100	 	2.154	 	
0.685	 	0.750	 	0.095	 	-1.078	 	-1.054	 	-1.242	 	1.101	 	2.154	 	
0.686	 	0.750	 	0.095	 	-1.078	 	-1.053	 	-1.242	 	1.101	 	2.154	 	
0.687	 	0.750	 	0.095	 	-1.079	 	-1.053	 	-1.242	 	1.101	 	2.155	 	
0.688	 	0.750	 	0.095	 	-1.079	 	-1.053	 	-1.243	 	1.102	 	2.155	 	
0.689	 	0.750	 	0.095	 	-1.080	 	-1.053	 	-1.243	 	1.102	 	2.155	 	
0.690	 	0.750	 	0.095	 	-1.080	 	-1.053	 	-1.244	 	1.102	 	2.155	 	
0.691	 	0.750	 	0.095	 	-1.081	 	-1.053	 	-1.244	 	1.103	 	2.156	 	
0.692	 	0.750	 	0.096	 	-1.081	 	-1.053	 	-1.244	 	1.103	 	2.156	 	
0.693	 	0.750	 	0.096	 	-1.082	 	-1.053	 	-1.245	 	1.103	 	2.156	 	
0.694	 	0.750	 	0.096	 	-1.082	 	-1.053	 	-1.245	 	1.104	 	2.156	 	
0.695	 	0.750	 	0.096	 	-1.083	 	-1.052	 	-1.246	 	1.104	 	2.156	 	
0.696	 	0.750	 	0.096	 	-1.083	 	-1.052	 	-1.246	 	1.104	 	2.157	 	
0.697	 	0.750	 	0.096	 	-1.084	 	-1.052	 	-1.247	 	1.105	 	2.157	 	
0.698	 	0.750	 	0.096	 	-1.084	 	-1.052	 	-1.247	 	1.105	 	2.157	 	
0.699	 	0.750	 	0.096	 	-1.085	 	-1.052	 	-1.247	 	1.105	 	2.157	 	
0.700	 	0.750	 	0.096	 	-1.085	 	-1.052	 	-1.248	 	1.106	 	2.157	 	
0.701	 	0.750	 	0.096	 	-1.085	 	-1.052	 	-1.248	 	1.106	 	2.158	 	
0.702	 	0.750	 	0.096	 	-1.086	 	-1.052	 	-1.249	 	1.106	 	2.158	 	
0.703	 	0.750	 	0.096	 	-1.086	 	-1.051	 	-1.249	 	1.107	 	2.158	 	
0.704	 	0.750	 	0.096	 	-1.087	 	-1.051	 	-1.250	 	1.107	 	2.158	 	
0.705	 	0.750	 	0.096	 	-1.087	 	-1.051	 	-1.250	 	1.107	 	2.158	 	
0.706	 	0.750	 	0.096	 	-1.088	 	-1.051	 	-1.250	 	1.107	 	2.159	 	
0.707	 	0.750	 	0.096	 	-1.088	 	-1.051	 	-1.251	 	1.108	 	2.159	 	
0.708	 	0.750	 	0.096	 	-1.089	 	-1.051	 	-1.251	 	1.108	 	2.159	 	
0.709	 	0.750	 	0.096	 	-1.089	 	-1.051	 	-1.252	 	1.108	 	2.159	 	
0.710	 	0.750	 	0.096	 	-1.090	 	-1.051	 	-1.252	 	1.109	 	2.159	 	
0.711	 	0.750	 	0.096	 	-1.090	 	-1.050	 	-1.253	 	1.109	 	2.159	 	
0.712	 	0.750	 	0.096	 	-1.091	 	-1.050	 	-1.253	 	1.109	 	2.160	 	
0.713	 	0.750	 	0.096	 	-1.091	 	-1.050	 	-1.253	 	1.110	 	2.160	 	
0.714	 	0.750	 	0.096	 	-1.091	 	-1.050	 	-1.254	 	1.110	 	2.160	 	
0.715	 	0.750	 	0.096	 	-1.092	 	-1.050	 	-1.254	 	1.110	 	2.160	 	
0.716	 	0.750	 	0.096	 	-1.092	 	-1.050	 	-1.255	 	1.110	 	2.160	 	
0.717	 	0.750	 	0.096	 	-1.093	 	-1.049	 	-1.255	 	1.111	 	2.160	 	
0.718	 	0.750	 	0.096	 	-1.093	 	-1.049	 	-1.256	 	1.111	 	2.160	 	
0.719	 	0.750	 	0.096	 	-1.094	 	-1.049	 	-1.256	 	1.111	 	2.161	 	
0.720	 	0.750	 	0.096	 	-1.094	 	-1.049	 	-1.256	 	1.112	 	2.161	 	
0.721	 	0.750	 	0.096	 	-1.095	 	-1.049	 	-1.257	 	1.112	 	2.161	 	
0.722	 	0.750	 	0.096	 	-1.095	 	-1.049	 	-1.257	 	1.112	 	2.161	 	
0.723	 	0.750	 	0.096	 	-1.095	 	-1.049	 	-1.258	 	1.113	 	2.161	 	
0.724	 	0.750	 	0.096	 	-1.096	 	-1.048	 	-1.258	 	1.113	 	2.161	 	
0.725	 	0.750	 	0.096	 	-1.096	 	-1.048	 	-1.259	 	1.113	 	2.161	 	
0.726	 	0.750	 	0.096	 	-1.097	 	-1.048	 	-1.259	 	1.113	 	2.161	 	
0.727	 	0.750	 	0.096	 	-1.097	 	-1.048	 	-1.259	 	1.114	 	2.162	 	
0.728	 	0.750	 	0.096	 	-1.098	 	-1.048	 	-1.260	 	1.114	 	2.162	 	
0.729	 	0.750	 	0.096	 	-1.098	 	-1.048	 	-1.260	 	1.114	 	2.162	 	
0.730	 	0.750	 	0.096	 	-1.099	 	-1.047	 	-1.261	 	1.115	 	2.162	 	
0.731	 	0.750	 	0.096	 	-1.099	 	-1.047	 	-1.261	 	1.115	 	2.162	 	
0.732	 	0.750	 	0.096	 	-1.100	 	-1.047	 	-1.262	 	1.115	 	2.162	 	
0.733	 	0.750	 	0.096	 	-1.100	 	-1.047	 	-1.262	 	1.115	 	2.162	 	
0.734	 	0.750	 	0.096	 	-1.100	 	-1.047	 	-1.263	 	1.116	 	2.162	 	
0.735	 	0.750	 	0.097	 	-1.101	 	-1.047	 	-1.263	 	1.116	 	2.162	 	
0.736	 	0.750	 	0.097	 	-1.101	 	-1.046	 	-1.263	 	1.116	 	2.163	 	
0.737	 	0.750	 	0.097	 	-1.102	 	-1.046	 	-1.264	 	1.116	 	2.163	 	
0.738	 	0.750	 	0.097	 	-1.102	 	-1.046	 	-1.264	 	1.117	 	2.163	 	
0.739	 	0.750	 	0.097	 	-1.103	 	-1.046	 	-1.265	 	1.117	 	2.163	 	
0.740	 	0.750	 	0.097	 	-1.103	 	-1.046	 	-1.265	 	1.117	 	2.163	 	
0.741	 	0.750	 	0.097	 	-1.104	 	-1.046	 	-1.266	 	1.117	 	2.163	 	
0.742	 	0.750	 	0.097	 	-1.104	 	-1.045	 	-1.266	 	1.118	 	2.163	 	
0.743	 	0.750	 	0.097	 	-1.104	 	-1.045	 	-1.266	 	1.118	 	2.163	 	
0.744	 	0.750	 	0.097	 	-1.105	 	-1.045	 	-1.267	 	1.118	 	2.163	 	
0.745	 	0.750	 	0.097	 	-1.105	 	-1.045	 	-1.267	 	1.119	 	2.163	 	
0.746	 	0.750	 	0.097	 	-1.106	 	-1.045	 	-1.268	 	1.119	 	2.163	 	
0.747	 	0.750	 	0.097	 	-1.106	 	-1.044	 	-1.268	 	1.119	 	2.164	 	
0.748	 	0.750	 	0.097	 	-1.107	 	-1.044	 	-1.269	 	1.119	 	2.164	 	
0.749	 	0.750	 	0.097	 	-1.107	 	-1.044	 	-1.269	 	1.120	 	2.164	 	
0.750	 	0.750	 	0.097	 	-1.108	 	-1.044	 	-1.269	 	1.120	 	2.164	 	
0.751	 	0.750	 	0.097	 	-1.108	 	-1.044	 	-1.270	 	1.120	 	2.164	 	
0.752	 	0.750	 	0.097	 	-1.108	 	-1.044	 	-1.270	 	1.120	 	2.164	 	
0.753	 	0.750	 	0.097	 	-1.109	 	-1.043	 	-1.271	 	1.121	 	2.164	 	
0.754	 	0.750	 	0.097	 	-1.109	 	-1.043	 	-1.271	 	1.121	 	2.164	 	
0.755	 	0.750	 	0.097	 	-1.110	 	-1.043	 	-1.272	 	1.121	 	2.164	 	
0.756	 	0.750	 	0.097	 	-1.110	 	-1.043	 	-1.272	 	1.121	 	2.164	 	
0.757	 	0.750	 	0.097	 	-1.111	 	-1.043	 	-1.273	 	1.122	 	2.164	 	
0.758	 	0.750	 	0.097	 	-1.111	 	-1.042	 	-1.273	 	1.122	 	2.164	 	
0.759	 	0.750	 	0.097	 	-1.111	 	-1.042	 	-1.273	 	1.122	 	2.164	 	
0.760	 	0.750	 	0.097	 	-1.112	 	-1.042	 	-1.274	 	1.122	 	2.164	 	
0.761	 	0.750	 	0.097	 	-1.112	 	-1.042	 	-1.274	 	1.123	 	2.164	 	
0.762	 	0.750	 	0.097	 	-1.113	 	-1.042	 	-1.275	 	1.123	 	2.164	 	
0.763	 	0.750	 	0.097	 	-1.113	 	-1.041	 	-1.275	 	1.123	 	2.164	 	
0.764	 	0.750	 	0.097	 	-1.114	 	-1.041	 	-1.276	 	1.123	 	2.164	 	
0.765	 	0.750	 	0.097	 	-1.114	 	-1.041	 	-1.276	 	1.123	 	2.164	 	
0.766	 	0.750	 	0.097	 	-1.114	 	-1.041	 	-1.276	 	1.124	 	2.164	 	
0.767	 	0.750	 	0.097	 	-1.115	 	-1.041	 	-1.277	 	1.124	 	2.165	 	
0.768	 	0.750	 	0.097	 	-1.115	 	-1.040	 	-1.277	 	1.124	 	2.165	 	
0.769	 	0.750	 	0.097	 	-1.116	 	-1.040	 	-1.278	 	1.124	 	2.165	 	
0.770	 	0.750	 	0.097	 	-1.116	 	-1.040	 	-1.278	 	1.125	 	2.165	 	
0.771	 	0.750	 	0.097	 	-1.117	 	-1.040	 	-1.279	 	1.125	 	2.165	 	
0.772	 	0.750	 	0.097	 	-1.117	 	-1.040	 	-1.279	 	1.125	 	2.165	 	
0.773	 	0.750	 	0.097	 	-1.117	 	-1.039	 	-1.280	 	1.125	 	2.165	 	
0.774	 	0.750	 	0.097	 	-1.118	 	-1.039	 	-1.280	 	1.126	 	2.165	 	
0.775	 	0.750	 	0.097	 	-1.118	 	-1.039	 	-1.280	 	1.126	 	2.165	 	
0.776	 	0.750	 	0.097	 	-1.119	 	-1.039	 	-1.281	 	1.126	 	2.165	 	
0.777	 	0.750	 	0.097	 	-1.119	 	-1.038	 	-1.281	 	1.126	 	2.165	 	
0.778	 	0.750	 	0.097	 	-1.120	 	-1.038	 	-1.282	 	1.126	 	2.165	 	
0.779	 	0.750	 	0.097	 	-1.120	 	-1.038	 	-1.282	 	1.127	 	2.165	 	
0.780	 	0.750	 	0.097	 	-1.120	 	-1.038	 	-1.283	 	1.127	 	2.165	 	
0.781	 	0.750	 	0.097	 	-1.121	 	-1.038	 	-1.283	 	1.127	 	2.165	 	
0.782	 	0.750	 	0.098	 	-1.121	 	-1.037	 	-1.283	 	1.127	 	2.165	 	
0.783	 	0.750	 	0.098	 	-1.122	 	-1.037	 	-1.284	 	1.128	 	2.165	 	
0.784	 	0.750	 	0.098	 	-1.122	 	-1.037	 	-1.284	 	1.128	 	2.165	 	
0.785	 	0.750	 	0.098	 	-1.123	 	-1.037	 	-1.285	 	1.128	 	2.165	 	
0.786	 	0.750	 	0.098	 	-1.123	 	-1.036	 	-1.285	 	1.128	 	2.165	 	
0.787	 	0.750	 	0.098	 	-1.123	 	-1.036	 	-1.286	 	1.128	 	2.165	 	
0.788	 	0.750	 	0.098	 	-1.124	 	-1.036	 	-1.286	 	1.129	 	2.165	 	
0.789	 	0.750	 	0.098	 	-1.124	 	-1.036	 	-1.286	 	1.129	 	2.165	 	
0.790	 	0.750	 	0.098	 	-1.125	 	-1.036	 	-1.287	 	1.129	 	2.165	 	
0.791	 	0.750	 	0.098	 	-1.125	 	-1.035	 	-1.287	 	1.129	 	2.165	 	
0.792	 	0.750	 	0.098	 	-1.126	 	-1.035	 	-1.288	 	1.129	 	2.165	 	
0.793	 	0.750	 	0.098	 	-1.126	 	-1.035	 	-1.288	 	1.130	 	2.165	 	
0.794	 	0.750	 	0.098	 	-1.126	 	-1.035	 	-1.289	 	1.130	 	2.165	 	
0.795	 	0.750	 	0.098	 	-1.127	 	-1.034	 	-1.289	 	1.130	 	2.165	 	
0.796	 	0.750	 	0.098	 	-1.127	 	-1.034	 	-1.290	 	1.130	 	2.164	 	
0.797	 	0.750	 	0.098	 	-1.128	 	-1.034	 	-1.290	 	1.130	 	2.164	 	
0.798	 	0.750	 	0.098	 	-1.128	 	-1.034	 	-1.290	 	1.131	 	2.164	 	
0.799	 	0.750	 	0.098	 	-1.129	 	-1.034	 	-1.291	 	1.131	 	2.164	 	
0.800	 	0.750	 	0.098	 	-1.129	 	-1.033	 	-1.291	 	1.131	 	2.164	 	
0.801	 	0.750	 	0.098	 	-1.129	 	-1.033	 	-1.292	 	1.131	 	2.164	 	
0.802	 	0.750	 	0.098	 	-1.130	 	-1.033	 	-1.292	 	1.131	 	2.164	 	
0.803	 	0.750	 	0.098	 	-1.130	 	-1.033	 	-1.293	 	1.132	 	2.164	 	
0.804	 	0.750	 	0.098	 	-1.131	 	-1.032	 	-1.293	 	1.132	 	2.164	 	
0.805	 	0.750	 	0.098	 	-1.131	 	-1.032	 	-1.293	 	1.132	 	2.164	 	
0.806	 	0.750	 	0.098	 	-1.131	 	-1.032	 	-1.294	 	1.132	 	2.164	 	
0.807	 	0.750	 	0.098	 	-1.132	 	-1.032	 	-1.294	 	1.132	 	2.164	 	
0.808	 	0.750	 	0.098	 	-1.132	 	-1.031	 	-1.295	 	1.133	 	2.164	 	
0.809	 	0.750	 	0.098	 	-1.133	 	-1.031	 	-1.295	 	1.133	 	2.164	 	
0.810	 	0.750	 	0.098	 	-1.133	 	-1.031	 	-1.296	 	1.133	 	2.164	 	
0.811	 	0.750	 	0.098	 	-1.134	 	-1.031	 	-1.296	 	1.133	 	2.164	 	
0.812	 	0.750	 	0.098	 	-1.134	 	-1.030	 	-1.296	 	1.133	 	2.164	 	
0.813	 	0.750	 	0.098	 	-1.134	 	-1.030	 	-1.297	 	1.134	 	2.164	 	
0.814	 	0.750	 	0.098	 	-1.135	 	-1.030	 	-1.297	 	1.134	 	2.164	 	
0.815	 	0.750	 	0.098	 	-1.135	 	-1.030	 	-1.298	 	1.134	 	2.164	 	
0.816	 	0.750	 	0.098	 	-1.136	 	-1.029	 	-1.298	 	1.134	 	2.164	 	
0.817	 	0.750	 	0.098	 	-1.136	 	-1.029	 	-1.299	 	1.134	 	2.164	 	
0.818	 	0.750	 	0.098	 	-1.136	 	-1.029	 	-1.299	 	1.134	 	2.163	 	
0.819	 	0.750	 	0.098	 	-1.137	 	-1.029	 	-1.299	 	1.135	 	2.163	 	
0.820	 	0.750	 	0.098	 	-1.137	 	-1.028	 	-1.300	 	1.135	 	2.163	 	
0.821	 	0.750	 	0.098	 	-1.138	 	-1.028	 	-1.300	 	1.135	 	2.163	 	
0.822	 	0.750	 	0.098	 	-1.138	 	-1.028	 	-1.301	 	1.135	 	2.163	 	
0.823	 	0.750	 	0.098	 	-1.138	 	-1.028	 	-1.301	 	1.135	 	2.163	 	
0.824	 	0.750	 	0.098	 	-1.139	 	-1.027	 	-1.302	 	1.136	 	2.163	 	
0.825	 	0.750	 	0.098	 	-1.139	 	-1.027	 	-1.302	 	1.136	 	2.163	 	
0.826	 	0.750	 	0.098	 	-1.140	 	-1.027	 	-1.302	 	1.136	 	2.163	 	
0.827	 	0.750	 	0.098	 	-1.140	 	-1.027	 	-1.303	 	1.136	 	2.163	 	
0.828	 	0.750	 	0.098	 	-1.141	 	-1.026	 	-1.303	 	1.136	 	2.163	 	
0.829	 	0.750	 	0.098	 	-1.141	 	-1.026	 	-1.304	 	1.136	 	2.163	 	
0.830	 	0.750	 	0.098	 	-1.141	 	-1.026	 	-1.304	 	1.137	 	2.163	 	
0.831	 	0.750	 	0.098	 	-1.142	 	-1.026	 	-1.305	 	1.137	 	2.163	 	
0.832	 	0.750	 	0.098	 	-1.142	 	-1.025	 	-1.305	 	1.137	 	2.162	 	
0.833	 	0.750	 	0.099	 	-1.143	 	-1.025	 	-1.305	 	1.137	 	2.162	 	
0.834	 	0.750	 	0.099	 	-1.143	 	-1.025	 	-1.306	 	1.137	 	2.162	 	
0.835	 	0.750	 	0.099	 	-1.143	 	-1.025	 	-1.306	 	1.137	 	2.162	 	
0.836	 	0.750	 	0.099	 	-1.144	 	-1.024	 	-1.307	 	1.138	 	2.162	 	
0.837	 	0.750	 	0.099	 	-1.144	 	-1.024	 	-1.307	 	1.138	 	2.162	 	
0.838	 	0.750	 	0.099	 	-1.145	 	-1.024	 	-1.308	 	1.138	 	2.162	 	
0.839	 	0.750	 	0.099	 	-1.145	 	-1.024	 	-1.308	 	1.138	 	2.162	 	
0.840	 	0.750	 	0.099	 	-1.145	 	-1.023	 	-1.308	 	1.138	 	2.162	 	
0.841	 	0.750	 	0.099	 	-1.146	 	-1.023	 	-1.309	 	1.138	 	2.162	 	
0.842	 	0.750	 	0.099	 	-1.146	 	-1.023	 	-1.309	 	1.139	 	2.162	 	
0.843	 	0.750	 	0.099	 	-1.147	 	-1.023	 	-1.310	 	1.139	 	2.161	 	
0.844	 	0.750	 	0.099	 	-1.147	 	-1.022	 	-1.310	 	1.139	 	2.161	 	
0.845	 	0.750	 	0.099	 	-1.147	 	-1.022	 	-1.310	 	1.139	 	2.161	 	
0.846	 	0.750	 	0.099	 	-1.148	 	-1.022	 	-1.311	 	1.139	 	2.161	 	
0.847	 	0.750	 	0.099	 	-1.148	 	-1.022	 	-1.311	 	1.139	 	2.161	 	
0.848	 	0.750	 	0.099	 	-1.149	 	-1.021	 	-1.312	 	1.140	 	2.161	 	
0.849	 	0.750	 	0.099	 	-1.149	 	-1.021	 	-1.312	 	1.140	 	2.161	 	
0.850	 	0.750	 	0.099	 	-1.149	 	-1.021	 	-1.313	 	1.140	 	2.161	 	
0.851	 	0.750	 	0.099	 	-1.150	 	-1.021	 	-1.313	 	1.140	 	2.161	 	
0.852	 	0.750	 	0.099	 	-1.150	 	-1.020	 	-1.313	 	1.140	 	2.160	 	
0.853	 	0.750	 	0.099	 	-1.151	 	-1.020	 	-1.314	 	1.140	 	2.160	 	
0.854	 	0.750	 	0.099	 	-1.151	 	-1.020	 	-1.314	 	1.141	 	2.160	 	
0.855	 	0.750	 	0.099	 	-1.151	 	-1.019	 	-1.315	 	1.141	 	2.160	 	
0.856	 	0.750	 	0.099	 	-1.152	 	-1.019	 	-1.315	 	1.141	 	2.160	 	
0.857	 	0.750	 	0.099	 	-1.152	 	-1.019	 	-1.316	 	1.141	 	2.160	 	
0.858	 	0.750	 	0.099	 	-1.153	 	-1.019	 	-1.316	 	1.141	 	2.160	 	
0.859	 	0.750	 	0.099	 	-1.153	 	-1.018	 	-1.316	 	1.141	 	2.160	 	
0.860	 	0.750	 	0.099	 	-1.153	 	-1.018	 	-1.317	 	1.141	 	2.160	 	
0.861	 	0.750	 	0.099	 	-1.154	 	-1.018	 	-1.317	 	1.142	 	2.159	 	
0.862	 	0.750	 	0.099	 	-1.154	 	-1.018	 	-1.318	 	1.142	 	2.159	 	
0.863	 	0.750	 	0.099	 	-1.155	 	-1.017	 	-1.318	 	1.142	 	2.159	 	
0.864	 	0.750	 	0.099	 	-1.155	 	-1.017	 	-1.318	 	1.142	 	2.159	 	
0.865	 	0.750	 	0.099	 	-1.155	 	-1.017	 	-1.319	 	1.142	 	2.159	 	
0.866	 	0.750	 	0.099	 	-1.156	 	-1.016	 	-1.319	 	1.142	 	2.159	 	
0.867	 	0.750	 	0.099	 	-1.156	 	-1.016	 	-1.320	 	1.143	 	2.159	 	
0.868	 	0.750	 	0.099	 	-1.157	 	-1.016	 	-1.320	 	1.143	 	2.159	 	
0.869	 	0.750	 	0.099	 	-1.157	 	-1.016	 	-1.321	 	1.143	 	2.158	 	
0.870	 	0.750	 	0.099	 	-1.157	 	-1.015	 	-1.321	 	1.143	 	2.158	 	
0.871	 	0.750	 	0.099	 	-1.158	 	-1.015	 	-1.321	 	1.143	 	2.158	 	
0.872	 	0.750	 	0.099	 	-1.158	 	-1.015	 	-1.322	 	1.143	 	2.158	 	
0.873	 	0.750	 	0.099	 	-1.158	 	-1.015	 	-1.322	 	1.143	 	2.158	 	
0.874	 	0.750	 	0.099	 	-1.159	 	-1.014	 	-1.323	 	1.144	 	2.158	 	
0.875	 	0.750	 	0.099	 	-1.159	 	-1.014	 	-1.323	 	1.144	 	2.158	 	
0.876	 	0.750	 	0.099	 	-1.160	 	-1.014	 	-1.323	 	1.144	 	2.158	 	
0.877	 	0.750	 	0.099	 	-1.160	 	-1.013	 	-1.324	 	1.144	 	2.157	 	
0.878	 	0.750	 	0.099	 	-1.160	 	-1.013	 	-1.324	 	1.144	 	2.157	 	
0.879	 	0.750	 	0.099	 	-1.161	 	-1.013	 	-1.325	 	1.144	 	2.157	 	
0.880	 	0.750	 	0.099	 	-1.161	 	-1.013	 	-1.325	 	1.145	 	2.157	 	
0.881	 	0.750	 	0.099	 	-1.162	 	-1.012	 	-1.325	 	1.145	 	2.157	 	
0.882	 	0.750	 	0.099	 	-1.162	 	-1.012	 	-1.326	 	1.145	 	2.157	 	
0.883	 	0.750	 	0.099	 	-1.162	 	-1.012	 	-1.326	 	1.145	 	2.157	 	
0.884	 	0.750	 	0.099	 	-1.163	 	-1.011	 	-1.327	 	1.145	 	2.157	 	
0.885	 	0.750	 	0.099	 	-1.163	 	-1.011	 	-1.327	 	1.145	 	2.156	 	
0.886	 	0.750	 	0.099	 	-1.164	 	-1.011	 	-1.328	 	1.145	 	2.156	 	
0.887	 	0.750	 	0.100	 	-1.164	 	-1.011	 	-1.328	 	1.146	 	2.156	 	
0.888	 	0.750	 	0.100	 	-1.164	 	-1.010	 	-1.328	 	1.146	 	2.156	 	
0.889	 	0.750	 	0.100	 	-1.165	 	-1.010	 	-1.329	 	1.146	 	2.156	 	
0.890	 	0.750	 	0.100	 	-1.165	 	-1.010	 	-1.329	 	1.146	 	2.156	 	
0.891	 	0.750	 	0.100	 	-1.165	 	-1.009	 	-1.330	 	1.146	 	2.156	 	
0.892	 	0.750	 	0.100	 	-1.166	 	-1.009	 	-1.330	 	1.146	 	2.155	 	
0.893	 	0.750	 	0.100	 	-1.166	 	-1.009	 	-1.330	 	1.146	 	2.155	 	
0.894	 	0.750	 	0.100	 	-1.167	 	-1.009	 	-1.331	 	1.147	 	2.155	 	
0.895	 	0.750	 	0.100	 	-1.167	 	-1.008	 	-1.331	 	1.147	 	2.155	 	
0.896	 	0.750	 	0.100	 	-1.167	 	-1.008	 	-1.332	 	1.147	 	2.155	 	
0.897	 	0.750	 	0.100	 	-1.168	 	-1.008	 	-1.332	 	1.147	 	2.155	 	
0.898	 	0.750	 	0.100	 	-1.168	 	-1.007	 	-1.332	 	1.147	 	2.155	 	
0.899	 	0.750	 	0.100	 	-1.169	 	-1.007	 	-1.333	 	1.147	 	2.155	 	
0.900	 	0.750	 	0.100	 	-1.169	 	-1.007	 	-1.333	 	1.148	 	2.154	 	
0.901	 	0.750	 	0.100	 	-1.169	 	-1.007	 	-1.334	 	1.148	 	2.154	 	
0.902	 	0.750	 	0.100	 	-1.170	 	-1.006	 	-1.334	 	1.148	 	2.154	 	
0.903	 	0.750	 	0.100	 	-1.170	 	-1.006	 	-1.334	 	1.148	 	2.154	 	
0.904	 	0.750	 	0.100	 	-1.171	 	-1.006	 	-1.335	 	1.148	 	2.154	 	
0.905	 	0.750	 	0.100	 	-1.171	 	-1.005	 	-1.335	 	1.148	 	2.154	 	
0.906	 	0.750	 	0.100	 	-1.171	 	-1.005	 	-1.336	 	1.148	 	2.154	 	
0.907	 	0.750	 	0.100	 	-1.172	 	-1.005	 	-1.336	 	1.149	 	2.153	 	
0.908	 	0.750	 	0.100	 	-1.172	 	-1.005	 	-1.336	 	1.149	 	2.153	 	
0.909	 	0.750	 	0.100	 	-1.172	 	-1.004	 	-1.337	 	1.149	 	2.153	 	
0.910	 	0.750	 	0.100	 	-1.173	 	-1.004	 	-1.337	 	1.149	 	2.153	 	
0.911	 	0.750	 	0.100	 	-1.173	 	-1.004	 	-1.338	 	1.149	 	2.153	 	
0.912	 	0.750	 	0.100	 	-1.174	 	-1.003	 	-1.338	 	1.149	 	2.153	 	
0.913	 	0.750	 	0.100	 	-1.174	 	-1.003	 	-1.338	 	1.150	 	2.153	 	
0.914	 	0.750	 	0.100	 	-1.174	 	-1.003	 	-1.339	 	1.150	 	2.152	 	
0.915	 	0.750	 	0.100	 	-1.175	 	-1.003	 	-1.339	 	1.150	 	2.152	 	
0.916	 	0.750	 	0.100	 	-1.175	 	-1.002	 	-1.340	 	1.150	 	2.152	 	
0.917	 	0.750	 	0.100	 	-1.175	 	-1.002	 	-1.340	 	1.150	 	2.152	 	
0.918	 	0.750	 	0.100	 	-1.176	 	-1.002	 	-1.340	 	1.150	 	2.152	 	
0.919	 	0.750	 	0.100	 	-1.176	 	-1.001	 	-1.341	 	1.150	 	2.152	 	
0.920	 	0.750	 	0.100	 	-1.177	 	-1.001	 	-1.341	 	1.151	 	2.152	 	
0.921	 	0.750	 	0.100	 	-1.177	 	-1.001	 	-1.342	 	1.151	 	2.152	 	
0.922	 	0.750	 	0.100	 	-1.177	 	-1.000	 	-1.342	 	1.151	 	2.151	 	
0.923	 	0.750	 	0.100	 	-1.178	 	-1.000	 	-1.342	 	1.151	 	2.151	 	
0.924	 	0.750	 	0.100	 	-1.178	 	-1.000	 	-1.343	 	1.151	 	2.151	 	
0.925	 	0.750	 	0.100	 	-1.179	 	-1.000	 	-1.343	 	1.151	 	2.151	 	
0.926	 	0.750	 	0.100	 	-1.179	 	-0.999	 	-1.344	 	1.152	 	2.151	 	
0.927	 	0.750	 	0.100	 	-1.179	 	-0.999	 	-1.344	 	1.152	 	2.151	 	
0.928	 	0.750	 	0.100	 	-1.180	 	-0.999	 	-1.344	 	1.152	 	2.151	 	
0.929	 	0.750	 	0.100	 	-1.180	 	-0.998	 	-1.345	 	1.152	 	2.151	 	
0.930	 	0.750	 	0.100	 	-1.180	 	-0.998	 	-1.345	 	1.152	 	2.150	 	
0.931	 	0.750	 	0.100	 	-1.181	 	-0.998	 	-1.346	 	1.153	 	2.150	 	
0.932	 	0.750	 	0.100	 	-1.181	 	-0.998	 	-1.346	 	1.153	 	2.150	 	
0.933	 	0.750	 	0.100	 	-1.182	 	-0.997	 	-1.346	 	1.153	 	2.150	 	
0.934	 	0.750	 	0.100	 	-1.182	 	-0.997	 	-1.347	 	1.153	 	2.150	 	
0.935	 	0.750	 	0.100	 	-1.182	 	-0.997	 	-1.347	 	1.153	 	2.150	 	
0.936	 	0.750	 	0.100	 	-1.183	 	-0.996	 	-1.348	 	1.153	 	2.150	 	
0.937	 	0.750	 	0.101	 	-1.183	 	-0.996	 	-1.348	 	1.154	 	2.150	 	
0.938	 	0.750	 	0.101	 	-1.183	 	-0.996	 	-1.348	 	1.154	 	2.150	 	
0.939	 	0.750	 	0.101	 	-1.184	 	-0.995	 	-1.349	 	1.154	 	2.149	 	
0.940	 	0.750	 	0.101	 	-1.184	 	-0.995	 	-1.349	 	1.154	 	2.149	 	
0.941	 	0.750	 	0.101	 	-1.185	 	-0.995	 	-1.350	 	1.154	 	2.149	 	
0.942	 	0.750	 	0.101	 	-1.185	 	-0.995	 	-1.350	 	1.155	 	2.149	 	
0.943	 	0.750	 	0.101	 	-1.185	 	-0.994	 	-1.350	 	1.155	 	2.149	 	
0.944	 	0.750	 	0.101	 	-1.186	 	-0.994	 	-1.351	 	1.155	 	2.149	 	
0.945	 	0.750	 	0.101	 	-1.186	 	-0.994	 	-1.351	 	1.155	 	2.149	 	
0.946	 	0.750	 	0.101	 	-1.186	 	-0.993	 	-1.352	 	1.155	 	2.149	 	
0.947	 	0.750	 	0.101	 	-1.187	 	-0.993	 	-1.352	 	1.156	 	2.149	 	
0.948	 	0.750	 	0.101	 	-1.187	 	-0.993	 	-1.352	 	1.156	 	2.149	 	
0.949	 	0.750	 	0.101	 	-1.188	 	-0.992	 	-1.353	 	1.156	 	2.148	 	
0.950	 	0.750	 	0.101	 	-1.188	 	-0.992	 	-1.353	 	1.156	 	2.148	 	
0.951	 	0.750	 	0.101	 	-1.188	 	-0.992	 	-1.354	 	1.156	 	2.148	 	
0.952	 	0.750	 	0.101	 	-1.189	 	-0.992	 	-1.354	 	1.157	 	2.148	 	
0.953	 	0.750	 	0.101	 	-1.189	 	-0.991	 	-1.354	 	1.157	 	2.148	 	
0.954	 	0.750	 	0.101	 	-1.189	 	-0.991	 	-1.355	 	1.157	 	2.148	 	
0.955	 	0.750	 	0.101	 	-1.190	 	-0.991	 	-1.355	 	1.157	 	2.148	 	
0.956	 	0.750	 	0.101	 	-1.190	 	-0.990	 	-1.356	 	1.157	 	2.148	 	
0.957	 	0.750	 	0.101	 	-1.191	 	-0.990	 	-1.356	 	1.158	 	2.148	 	
0.958	 	0.750	 	0.101	 	-1.191	 	-0.990	 	-1.356	 	1.158	 	2.148	 	
0.959	 	0.750	 	0.101	 	-1.191	 	-0.990	 	-1.357	 	1.158	 	2.148	 	
0.960	 	0.750	 	0.101	 	-1.192	 	-0.989	 	-1.357	 	1.158	 	2.148	 	
0.961	 	0.750	 	0.101	 	-1.192	 	-0.989	 	-1.357	 	1.159	 	2.148	 	
0.962	 	0.750	 	0.101	 	-1.193	 	-0.989	 	-1.358	 	1.159	 	2.147	 	
0.963	 	0.750	 	0.101	 	-1.193	 	-0.988	 	-1.358	 	1.159	 	2.147	 	
0.964	 	0.750	 	0.101	 	-1.193	 	-0.988	 	-1.359	 	1.159	 	2.147	 	
0.965	 	0.750	 	0.101	 	-1.194	 	-0.988	 	-1.359	 	1.160	 	2.147	 	
0.966	 	0.750	 	0.101	 	-1.194	 	-0.987	 	-1.359	 	1.160	 	2.147	 	
0.967	 	0.750	 	0.101	 	-1.194	 	-0.987	 	-1.360	 	1.160	 	2.147	 	
0.968	 	0.750	 	0.101	 	-1.195	 	-0.987	 	-1.360	 	1.160	 	2.147	 	
0.969	 	0.750	 	0.101	 	-1.195	 	-0.987	 	-1.361	 	1.161	 	2.147	 	
0.970	 	0.750	 	0.101	 	-1.196	 	-0.986	 	-1.361	 	1.161	 	2.147	 	
0.971	 	0.750	 	0.101	 	-1.196	 	-0.986	 	-1.361	 	1.161	 	2.147	 	
0.972	 	0.750	 	0.101	 	-1.196	 	-0.986	 	-1.362	 	1.161	 	2.147	 	
0.973	 	0.750	 	0.101	 	-1.197	 	-0.985	 	-1.362	 	1.162	 	2.147	 	
0.974	 	0.750	 	0.101	 	-1.197	 	-0.985	 	-1.363	 	1.162	 	2.147	 	
0.975	 	0.750	 	0.101	 	-1.197	 	-0.985	 	-1.363	 	1.162	 	2.147	 	
0.976	 	0.750	 	0.101	 	-1.198	 	-0.985	 	-1.363	 	1.163	 	2.147	 	
0.977	 	0.750	 	0.102	 	-1.198	 	-0.984	 	-1.364	 	1.163	 	2.147	 	
0.978	 	0.750	 	0.102	 	-1.199	 	-0.984	 	-1.364	 	1.163	 	2.147	 	
0.979	 	0.750	 	0.102	 	-1.199	 	-0.984	 	-1.365	 	1.163	 	2.147	 	
0.980	 	0.750	 	0.102	 	-1.199	 	-0.983	 	-1.365	 	1.164	 	2.147	 	
0.981	 	0.750	 	0.102	 	-1.200	 	-0.983	 	-1.365	 	1.164	 	2.147	 	
0.982	 	0.750	 	0.102	 	-1.200	 	-0.983	 	-1.366	 	1.164	 	2.147	 	
0.983	 	0.750	 	0.102	 	-1.201	 	-0.982	 	-1.366	 	1.165	 	2.147	 	
0.984	 	0.750	 	0.102	 	-1.201	 	-0.982	 	-1.367	 	1.165	 	2.147	 	
0.985	 	0.750	 	0.102	 	-1.201	 	-0.982	 	-1.367	 	1.165	 	2.147	 	
0.986	 	0.750	 	0.102	 	-1.202	 	-0.982	 	-1.367	 	1.166	 	2.147	 	
0.987	 	0.750	 	0.102	 	-1.202	 	-0.981	 	-1.368	 	1.166	 	2.147	 	
0.988	 	0.750	 	0.102	 	-1.202	 	-0.981	 	-1.368	 	1.166	 	2.147	 	
0.989	 	0.750	 	0.102	 	-1.203	 	-0.981	 	-1.369	 	1.167	 	2.148	 	
0.990	 	0.750	 	0.102	 	-1.203	 	-0.980	 	-1.369	 	1.167	 	2.148	 	
0.991	 	0.750	 	0.102	 	-1.204	 	-0.980	 	-1.369	 	1.168	 	2.148	 	
0.992	 	0.750	 	0.102	 	-1.204	 	-0.980	 	-1.370	 	1.168	 	2.148	 	
0.993	 	0.750	 	0.102	 	-1.204	 	-0.980	 	-1.370	 	1.168	 	2.148	 	
0.994	 	0.750	 	0.102	 	-1.205	 	-0.979	 	-1.371	 	1.169	 	2.148	 	
0.995	 	0.750	 	0.102	 	-1.205	 	-0.979	 	-1.371	 	1.169	 	2.148	 	
0.996	 	0.750	 	0.102	 	-1.206	 	-0.979	 	-1.371	 	1.169	 	2.148	 	
0.997	 	0.750	 	0.102	 	-1.206	 	-0.978	 	-1.372	 	1.170	 	2.148	 	
0.998	 	0.750	 	0.102	 	-1.206	 	-0.978	 	-1.372	 	1.170	 	2.148	 	
0.999	 	0.750	 	0.102	 	-1.207	 	-0.978	 	-1.373	 	1.171	 	2.149	 	
