0		0.000945826
0.01		0.00189165
0.02		0.00283746
0.03		0.00378325
0.04		0.00472902
0.05		0.00567476
0.06		0.00662047
0.07		0.00756614
0.08		0.00851177
0.09		0.00945734
0.1		0.0104029
0.11		0.0113483
0.12		0.0122937
0.13		0.013239
0.14		0.0141843
0.15		0.0151294
0.16		0.0160745
0.17		0.0170195
0.18		0.0179643
0.19		0.0189091
0.2		0.0198537
0.21		0.0207983
0.22		0.0217427
0.23		0.022687
0.24		0.0236311
0.25		0.0245751
0.26		0.025519
0.27		0.0264627
0.28		0.0274062
0.29		0.0283496
0.3		0.0292929
0.31		0.0302359
0.32		0.0311788
0.33		0.0321215
0.34		0.033064
0.35		0.0340063
0.36		0.0349484
0.37		0.0358903
0.38		0.036832
0.39		0.0377734
0.4		0.0387147
0.41		0.0396557
0.42		0.0405965
0.43		0.041537
0.44		0.0424773
0.45		0.0434173
0.46		0.0443571
0.47		0.0452966
0.48		0.0462359
0.49		0.0471749
0.5		0.0481136
0.51		0.049052
0.52		0.0499901
0.53		0.0509279
0.54		0.0518654
0.55		0.0528027
0.56		0.0537396
0.57		0.0546762
0.58		0.0556124
0.59		0.0565484
0.6		0.057484
0.61		0.0584192
0.62		0.0593542
0.63		0.0602887
0.64		0.0612229
0.65		0.0621568
0.66		0.0630903
0.67		0.0640234
0.68		0.0649561
0.69		0.0658884
0.7		0.0668204
0.71		0.0677519
0.72		0.0686831
0.73		0.0696138
0.74		0.0705442
0.75		0.0714741
0.76		0.0724036
0.77		0.0733327
0.78		0.0742613
0.79		0.0751895
0.8		0.0761172
0.81		0.0770445
0.82		0.0779714
0.83		0.0788978
0.84		0.0798237
0.85		0.0807491
0.86		0.0816741
0.87		0.0825986
0.88		0.0835226
0.89		0.0844461
0.9		0.0853691
0.91		0.0862916
0.92		0.0872136
0.93		0.088135
0.94		0.089056
0.95		0.0899764
0.96		0.0908963
0.97		0.0918156
0.98		0.0927344
0.99		0.0936527
1		0.0945704
1.01		0.0954875
1.02		0.0964041
1.03		0.0973201
1.04		0.0982356
1.05		0.0991504
1.06		0.100065
1.07		0.100978
1.08		0.101891
1.09		0.102804
1.1		0.103716
1.11		0.104627
1.12		0.105538
1.13		0.106448
1.14		0.107357
1.15		0.108266
1.16		0.109174
1.17		0.110081
1.18		0.110988
1.19		0.111894
1.2		0.1128
1.21		0.113705
1.22		0.114609
1.23		0.115512
1.24		0.116415
1.25		0.117317
1.26		0.118218
1.27		0.119119
1.28		0.120019
1.29		0.120918
1.3		0.121817
1.31		0.122715
1.32		0.123612
1.33		0.124508
1.34		0.125404
1.35		0.126299
1.36		0.127193
1.37		0.128086
1.38		0.128979
1.39		0.129871
1.4		0.130762
1.41		0.131653
1.42		0.132542
1.43		0.133431
1.44		0.134319
1.45		0.135206
1.46		0.136092
1.47		0.136978
1.48		0.137863
1.49		0.138747
1.5		0.13963
1.51		0.140512
1.52		0.141394
1.53		0.142274
1.54		0.143154
1.55		0.144033
1.56		0.144911
1.57		0.145789
1.58		0.146665
1.59		0.14754
1.6		0.148415
1.61		0.149289
1.62		0.150162
1.63		0.151034
1.64		0.151905
1.65		0.152775
1.66		0.153644
1.67		0.154513
1.68		0.15538
1.69		0.156247
1.7		0.157112
1.71		0.157977
1.72		0.158841
1.73		0.159704
1.74		0.160566
1.75		0.161427
1.76		0.162287
1.77		0.163146
1.78		0.164004
1.79		0.164861
1.8		0.165717
1.81		0.166572
1.82		0.167426
1.83		0.168279
1.84		0.169131
1.85		0.169983
1.86		0.170833
1.87		0.171682
1.88		0.17253
1.89		0.173377
1.9		0.174223
1.91		0.175068
1.92		0.175912
1.93		0.176755
1.94		0.177597
1.95		0.178438
1.96		0.179278
1.97		0.180117
1.98		0.180954
1.99		0.181791
2		0.182626
2.01		0.183461
2.02		0.184294
2.03		0.185127
2.04		0.185958
2.05		0.186788
2.06		0.187617
2.07		0.188445
2.08		0.189272
2.09		0.190097
2.1		0.190922
2.11		0.191745
2.12		0.192567
2.13		0.193388
2.14		0.194208
2.15		0.195027
2.16		0.195845
2.17		0.196661
2.18		0.197477
2.19		0.198291
2.2		0.199104
2.21		0.199916
2.22		0.200726
2.23		0.201536
2.24		0.202344
2.25		0.203151
2.26		0.203957
2.27		0.204762
2.28		0.205565
2.29		0.206367
2.3		0.207168
2.31		0.207968
2.32		0.208767
2.33		0.209564
2.34		0.21036
2.35		0.211155
2.36		0.211948
2.37		0.212741
2.38		0.213532
2.39		0.214322
2.4		0.21511
2.41		0.215897
2.42		0.216683
2.43		0.217468
2.44		0.218251
2.45		0.219034
2.46		0.219814
2.47		0.220594
2.48		0.221372
2.49		0.222149
2.5		0.222925
2.51		0.223699
2.52		0.224472
2.53		0.225244
2.54		0.226014
2.55		0.226783
2.56		0.22755
2.57		0.228317
2.58		0.229082
2.59		0.229845
2.6		0.230607
2.61		0.231368
2.62		0.232128
2.63		0.232886
2.64		0.233642
2.65		0.234398
2.66		0.235152
2.67		0.235904
2.68		0.236655
2.69		0.237405
2.7		0.238154
2.71		0.2389
2.72		0.239646
2.73		0.24039
2.74		0.241133
2.75		0.241874
2.76		0.242614
2.77		0.243352
2.78		0.244089
2.79		0.244825
2.8		0.245559
2.81		0.246291
2.82		0.247023
2.83		0.247752
2.84		0.24848
2.85		0.249207
2.86		0.249933
2.87		0.250656
2.88		0.251379
2.89		0.252099
2.9		0.252819
2.91		0.253537
2.92		0.254253
2.93		0.254968
2.94		0.255681
2.95		0.256393
2.96		0.257103
2.97		0.257812
2.98		0.258519
2.99		0.259225
3		0.259929
3.01		0.260632
3.02		0.261333
3.03		0.262032
3.04		0.26273
3.05		0.263427
3.06		0.264122
3.07		0.264815
3.08		0.265507
3.09		0.266197
3.1		0.266886
3.11		0.267573
3.12		0.268258
3.13		0.268942
3.14		0.269624
3.15		0.270305
3.16		0.270984
3.17		0.271662
3.18		0.272338
3.19		0.273012
3.2		0.273684
3.21		0.274355
3.22		0.275025
3.23		0.275693
3.24		0.276359
3.25		0.277023
3.26		0.277686
3.27		0.278347
3.28		0.279007
3.29		0.279665
3.3		0.280321
3.31		0.280976
3.32		0.281629
3.33		0.28228
3.34		0.28293
3.35		0.283578
3.36		0.284224
3.37		0.284868
3.38		0.285511
3.39		0.286153
3.4		0.286792
3.41		0.28743
3.42		0.288066
3.43		0.2887
3.44		0.289333
3.45		0.289964
3.46		0.290593
3.47		0.291221
3.48		0.291847
3.49		0.292471
3.5		0.293093
3.51		0.293714
3.52		0.294333
3.53		0.29495
3.54		0.295565
3.55		0.296179
3.56		0.296791
3.57		0.297401
3.58		0.298009
3.59		0.298616
3.6		0.299221
3.61		0.299824
3.62		0.300425
3.63		0.301025
3.64		0.301623
3.65		0.302219
3.66		0.302813
3.67		0.303405
3.68		0.303996
3.69		0.304585
3.7		0.305172
3.71		0.305757
3.72		0.30634
3.73		0.306922
3.74		0.307502
3.75		0.308079
3.76		0.308656
3.77		0.30923
3.78		0.309802
3.79		0.310373
3.8		0.310942
3.81		0.311509
3.82		0.312074
3.83		0.312637
3.84		0.313198
3.85		0.313758
3.86		0.314316
3.87		0.314872
3.88		0.315426
3.89		0.315978
3.9		0.316528
3.91		0.317076
3.92		0.317623
3.93		0.318167
3.94		0.31871
3.95		0.319251
3.96		0.31979
3.97		0.320327
3.98		0.320862
3.99		0.321395
4		0.321927
4.01		0.322456
4.02		0.322984
4.03		0.323509
4.04		0.324033
4.05		0.324555
4.06		0.325075
4.07		0.325593
4.08		0.326109
4.09		0.326623
4.1		0.327135
4.11		0.327645
4.12		0.328154
4.13		0.32866
4.14		0.329164
4.15		0.329667
4.16		0.330167
4.17		0.330666
4.18		0.331163
4.19		0.331657
4.2		0.33215
4.21		0.332641
4.22		0.333129
4.23		0.333616
4.24		0.334101
4.25		0.334584
4.26		0.335065
4.27		0.335544
4.28		0.33602
4.29		0.336495
4.3		0.336968
4.31		0.337439
4.32		0.337908
4.33		0.338375
4.34		0.33884
4.35		0.339303
4.36		0.339764
4.37		0.340222
4.38		0.340679
4.39		0.341134
4.4		0.341587
4.41		0.342038
4.42		0.342487
4.43		0.342933
4.44		0.343378
4.45		0.343821
4.46		0.344262
4.47		0.3447
4.48		0.345137
4.49		0.345571
4.5		0.346004
4.51		0.346434
4.52		0.346863
4.53		0.347289
4.54		0.347713
4.55		0.348136
4.56		0.348556
4.57		0.348974
4.58		0.34939
4.59		0.349804
4.6		0.350216
4.61		0.350626
4.62		0.351033
4.63		0.351439
4.64		0.351843
4.65		0.352244
4.66		0.352644
4.67		0.353041
4.68		0.353436
4.69		0.35383
4.7		0.354221
4.71		0.35461
4.72		0.354997
4.73		0.355381
4.74		0.355764
4.75		0.356145
4.76		0.356523
4.77		0.356899
4.78		0.357274
4.79		0.357646
4.8		0.358016
4.81		0.358384
4.82		0.35875
4.83		0.359113
4.84		0.359475
4.85		0.359834
4.86		0.360191
4.87		0.360547
4.88		0.3609
4.89		0.361251
4.9		0.361599
4.91		0.361946
4.92		0.36229
4.93		0.362633
4.94		0.362973
4.95		0.363311
4.96		0.363647
4.97		0.36398
4.98		0.364312
4.99		0.364641
5		0.364969
5.01		0.365294
5.02		0.365617
5.03		0.365937
5.04		0.366256
5.05		0.366573
5.06		0.366887
5.07		0.367199
5.08		0.367509
5.09		0.367817
5.1		0.368122
5.11		0.368426
5.12		0.368727
5.13		0.369026
5.14		0.369323
5.15		0.369617
5.16		0.36991
5.17		0.3702
5.18		0.370488
5.19		0.370774
5.2		0.371058
5.21		0.371339
5.22		0.371619
5.23		0.371896
5.24		0.372171
5.25		0.372443
5.26		0.372714
5.27		0.372982
5.28		0.373248
5.29		0.373512
5.3		0.373774
5.31		0.374033
5.32		0.374291
5.33		0.374546
5.34		0.374798
5.35		0.375049
5.36		0.375297
5.37		0.375544
5.38		0.375788
5.39		0.376029
5.4		0.376269
5.41		0.376506
5.42		0.376741
5.43		0.376974
5.44		0.377205
5.45		0.377433
5.46		0.377659
5.47		0.377883
5.48		0.378104
5.49		0.378324
5.5		0.378541
5.51		0.378756
5.52		0.378969
5.53		0.379179
5.54		0.379387
5.55		0.379593
5.56		0.379797
5.57		0.379998
5.58		0.380198
5.59		0.380395
5.6		0.380589
5.61		0.380782
5.62		0.380972
5.63		0.38116
5.64		0.381346
5.65		0.381529
5.66		0.38171
5.67		0.381889
5.68		0.382066
5.69		0.38224
5.7		0.382412
5.71		0.382582
5.72		0.38275
5.73		0.382915
5.74		0.383078
5.75		0.383239
5.76		0.383398
5.77		0.383554
5.78		0.383708
5.79		0.38386
5.8		0.384009
5.81		0.384157
5.82		0.384301
5.83		0.384444
5.84		0.384584
5.85		0.384723
5.86		0.384858
5.87		0.384992
5.88		0.385123
5.89		0.385252
5.9		0.385379
5.91		0.385503
5.92		0.385626
5.93		0.385745
5.94		0.385863
5.95		0.385978
5.96		0.386091
5.97		0.386202
5.98		0.38631
5.99		0.386417
6		0.386521
6.01		0.386622
6.02		0.386721
6.03		0.386818
6.04		0.386913
6.05		0.387006
6.06		0.387096
6.07		0.387184
6.08		0.387269
6.09		0.387352
6.1		0.387433
6.11		0.387512
6.12		0.387588
6.13		0.387663
6.14		0.387734
6.15		0.387804
6.16		0.387871
6.17		0.387936
6.18		0.387999
6.19		0.388059
6.2		0.388117
6.21		0.388173
6.22		0.388226
6.23		0.388277
6.24		0.388326
6.25		0.388373
6.26		0.388417
6.27		0.388459
6.28		0.388499
6.29		0.388536
6.3		0.388571
6.31		0.388604
6.32		0.388634
6.33		0.388662
6.34		0.388688
6.35		0.388712
6.36		0.388733
6.37		0.388752
6.38		0.388769
6.39		0.388783
6.4		0.388795
6.41		0.388805
6.42		0.388812
6.43		0.388817
6.44		0.38882
6.45		0.388821
6.46		0.388821
6.47		0.38882
6.48		0.388816
6.49		0.388809
6.5		0.388801
6.51		0.38879
6.52		0.388776
6.53		0.388761
6.54		0.388743
6.55		0.388723
6.56		0.3887
6.57		0.388676
6.58		0.388649
6.59		0.388619
6.6		0.388588
6.61		0.388554
6.62		0.388517
6.63		0.388479
6.64		0.388438
6.65		0.388395
6.66		0.388349
6.67		0.388302
6.68		0.388252
6.69		0.388199
6.7		0.388145
6.71		0.388088
6.72		0.388028
6.73		0.387967
6.74		0.387903
6.75		0.387837
6.76		0.387769
6.77		0.387698
6.78		0.387625
6.79		0.38755
6.8		0.387472
6.81		0.387392
6.82		0.38731
6.83		0.387226
6.84		0.387139
6.85		0.38705
6.86		0.386958
6.87		0.386865
6.88		0.386769
6.89		0.386671
6.9		0.38657
6.91		0.386467
6.92		0.386362
6.93		0.386255
6.94		0.386145
6.95		0.386033
6.96		0.385919
6.97		0.385803
6.98		0.385684
6.99		0.385563
7		0.38544
7.01		0.385314
7.02		0.385186
7.03		0.385056
7.04		0.384923
7.05		0.384789
7.06		0.384652
7.07		0.384512
7.08		0.384371
7.09		0.384227
7.1		0.384081
7.11		0.383932
7.12		0.383782
7.13		0.383629
7.14		0.383474
7.15		0.383316
7.16		0.383156
7.17		0.382994
7.18		0.38283
7.19		0.382664
7.2		0.382495
7.21		0.382324
7.22		0.38215
7.23		0.381975
7.24		0.381797
7.25		0.381617
7.26		0.381435
7.27		0.38125
7.28		0.381063
7.29		0.380874
7.3		0.380683
7.31		0.380489
7.32		0.380293
7.33		0.380095
7.34		0.379895
7.35		0.379692
7.36		0.379487
7.37		0.37928
7.38		0.379071
7.39		0.378859
7.4		0.378645
7.41		0.378429
7.42		0.378211
7.43		0.37799
7.44		0.377767
7.45		0.377542
7.46		0.377315
7.47		0.377085
7.48		0.376854
7.49		0.37662
7.5		0.376383
7.51		0.376145
7.52		0.375904
7.53		0.375662
7.54		0.375416
7.55		0.375169
7.56		0.37492
7.57		0.374668
7.58		0.374414
7.59		0.374158
7.6		0.373899
7.61		0.373639
7.62		0.373376
7.63		0.373111
7.64		0.372843
7.65		0.372574
7.66		0.372302
7.67		0.372028
7.68		0.371752
7.69		0.371474
7.7		0.371194
7.71		0.370911
7.72		0.370626
7.73		0.370339
7.74		0.37005
7.75		0.369758
7.76		0.369465
7.77		0.369169
7.78		0.368871
7.79		0.368571
7.8		0.368269
7.81		0.367964
7.82		0.367657
7.83		0.367348
7.84		0.367037
7.85		0.366724
7.86		0.366409
7.87		0.366091
7.88		0.365771
7.89		0.36545
7.9		0.365125
7.91		0.364799
7.92		0.364471
7.93		0.36414
7.94		0.363808
7.95		0.363473
7.96		0.363136
7.97		0.362797
7.98		0.362455
7.99		0.362112
8		0.361766
8.01		0.361419
8.02		0.361069
8.03		0.360717
8.04		0.360363
8.05		0.360006
8.06		0.359648
8.07		0.359288
8.08		0.358925
8.09		0.35856
8.1		0.358193
8.11		0.357824
8.12		0.357453
8.13		0.35708
8.14		0.356705
8.15		0.356327
8.16		0.355947
8.17		0.355566
8.18		0.355182
8.19		0.354796
8.2		0.354408
8.21		0.354018
8.22		0.353626
8.23		0.353232
8.24		0.352835
8.25		0.352437
8.26		0.352036
8.27		0.351634
8.28		0.351229
8.29		0.350822
8.3		0.350413
8.31		0.350002
8.32		0.349589
8.33		0.349174
8.34		0.348757
8.35		0.348338
8.36		0.347917
8.37		0.347493
8.38		0.347068
8.39		0.346641
8.4		0.346211
8.41		0.34578
8.42		0.345346
8.43		0.34491
8.44		0.344473
8.45		0.344033
8.46		0.343591
8.47		0.343148
8.48		0.342702
8.49		0.342254
8.5		0.341804
8.51		0.341352
8.52		0.340898
8.53		0.340443
8.54		0.339985
8.55		0.339525
8.56		0.339063
8.57		0.338599
8.58		0.338133
8.59		0.337665
8.6		0.337195
8.61		0.336723
8.62		0.336249
8.63		0.335773
8.64		0.335295
8.65		0.334815
8.66		0.334333
8.67		0.33385
8.68		0.333364
8.69		0.332876
8.7		0.332386
8.71		0.331894
8.72		0.331401
8.73		0.330905
8.74		0.330407
8.75		0.329908
8.76		0.329406
8.77		0.328903
8.78		0.328397
8.79		0.32789
8.8		0.327381
8.81		0.326869
8.82		0.326356
8.83		0.325841
8.84		0.325324
8.85		0.324805
8.86		0.324284
8.87		0.323761
8.88		0.323237
8.89		0.32271
8.9		0.322182
8.91		0.321651
8.92		0.321119
8.93		0.320585
8.94		0.320048
8.95		0.31951
8.96		0.31897
8.97		0.318429
8.98		0.317885
8.99		0.317339
9		0.316792
9.01		0.316242
9.02		0.315691
9.03		0.315138
9.04		0.314583
9.05		0.314026
9.06		0.313468
9.07		0.312907
9.08		0.312345
9.09		0.311781
9.1		0.311215
9.11		0.310647
9.12		0.310077
9.13		0.309505
9.14		0.308932
9.15		0.308357
9.16		0.30778
9.17		0.307201
9.18		0.30662
9.19		0.306038
9.2		0.305453
9.21		0.304867
9.22		0.304279
9.23		0.303689
9.24		0.303098
9.25		0.302505
9.26		0.301909
9.27		0.301312
9.28		0.300714
9.29		0.300113
9.3		0.299511
9.31		0.298907
9.32		0.298301
9.33		0.297694
9.34		0.297084
9.35		0.296473
9.36		0.295861
9.37		0.295246
9.38		0.29463
9.39		0.294012
9.4		0.293392
9.41		0.29277
9.42		0.292147
9.43		0.291522
9.44		0.290895
9.45		0.290267
9.46		0.289637
9.47		0.289005
9.48		0.288371
9.49		0.287736
9.5		0.287099
9.51		0.28646
9.52		0.28582
9.53		0.285178
9.54		0.284534
9.55		0.283888
9.56		0.283241
9.57		0.282592
9.58		0.281942
9.59		0.28129
9.6		0.280636
9.61		0.279981
9.62		0.279323
9.63		0.278665
9.64		0.278004
9.65		0.277342
9.66		0.276678
9.67		0.276013
9.68		0.275346
9.69		0.274677
9.7		0.274007
9.71		0.273335
9.72		0.272662
9.73		0.271987
9.74		0.27131
9.75		0.270632
9.76		0.269952
9.77		0.26927
9.78		0.268587
9.79		0.267902
9.8		0.267216
9.81		0.266528
9.82		0.265839
9.83		0.265148
9.84		0.264455
9.85		0.263761
9.86		0.263065
9.87		0.262368
9.88		0.261669
9.89		0.260969
9.9		0.260267
9.91		0.259564
9.92		0.258859
9.93		0.258152
9.94		0.257444
9.95		0.256734
9.96		0.256023
9.97		0.255311
9.98		0.254597
9.99		0.253881
10		0.253164
10.01		0.252365
10.02		0.251453
10.03		0.250544
10.04		0.249639
10.05		0.248738
10.06		0.247839
10.07		0.246944
10.08		0.246051
10.09		0.245163
10.1		0.244277
10.11		0.243395
10.12		0.242515
10.13		0.241639
10.14		0.240766
10.15		0.239897
10.16		0.23903
10.17		0.238166
10.18		0.237306
10.19		0.236449
10.2		0.235595
10.21		0.234744
10.22		0.233896
10.23		0.233051
10.24		0.232209
10.25		0.23137
10.26		0.230534
10.27		0.229702
10.28		0.228872
10.29		0.228045
10.3		0.227221
10.31		0.226401
10.32		0.225583
10.33		0.224768
10.34		0.223956
10.35		0.223147
10.36		0.222341
10.37		0.221538
10.38		0.220738
10.39		0.21994
10.4		0.219146
10.41		0.218354
10.42		0.217566
10.43		0.21678
10.44		0.215997
10.45		0.215217
10.46		0.214439
10.47		0.213665
10.48		0.212893
10.49		0.212124
10.5		0.211358
10.51		0.210594
10.52		0.209834
10.53		0.209076
10.54		0.208321
10.55		0.207568
10.56		0.206819
10.57		0.206072
10.58		0.205327
10.59		0.204586
10.6		0.203847
10.61		0.203111
10.62		0.202377
10.63		0.201646
10.64		0.200918
10.65		0.200192
10.66		0.199469
10.67		0.198749
10.68		0.198031
10.69		0.197316
10.7		0.196603
10.71		0.195893
10.72		0.195186
10.73		0.194481
10.74		0.193779
10.75		0.193079
10.76		0.192382
10.77		0.191687
10.78		0.190995
10.79		0.190305
10.8		0.189618
10.81		0.188933
10.82		0.188251
10.83		0.187571
10.84		0.186893
10.85		0.186219
10.86		0.185546
10.87		0.184876
10.88		0.184209
10.89		0.183543
10.9		0.182881
10.91		0.18222
10.92		0.181562
10.93		0.180907
10.94		0.180253
10.95		0.179602
10.96		0.178954
10.97		0.178308
10.98		0.177664
10.99		0.177022
11		0.176383
11.01		0.175746
11.02		0.175112
11.03		0.17448
11.04		0.17385
11.05		0.173222
11.06		0.172596
11.07		0.171973
11.08		0.171352
11.09		0.170734
11.1		0.170117
11.11		0.169503
11.12		0.168891
11.13		0.168281
11.14		0.167674
11.15		0.167068
11.16		0.166465
11.17		0.165864
11.18		0.165265
11.19		0.164669
11.2		0.164074
11.21		0.163482
11.22		0.162892
11.23		0.162304
11.24		0.161718
11.25		0.161134
11.26		0.160552
11.27		0.159973
11.28		0.159395
11.29		0.15882
11.3		0.158246
11.31		0.157675
11.32		0.157106
11.33		0.156539
11.34		0.155974
11.35		0.155411
11.36		0.15485
11.37		0.154291
11.38		0.153734
11.39		0.153179
11.4		0.152626
11.41		0.152075
11.42		0.151526
11.43		0.150979
11.44		0.150435
11.45		0.149892
11.46		0.149351
11.47		0.148812
11.48		0.148274
11.49		0.147739
11.5		0.147206
11.51		0.146675
11.52		0.146145
11.53		0.145618
11.54		0.145092
11.55		0.144569
11.56		0.144047
11.57		0.143527
11.58		0.143009
11.59		0.142493
11.6		0.141979
11.61		0.141467
11.62		0.140956
11.63		0.140447
11.64		0.139941
11.65		0.139436
11.66		0.138933
11.67		0.138431
11.68		0.137932
11.69		0.137434
11.7		0.136938
11.71		0.136444
11.72		0.135952
11.73		0.135461
11.74		0.134972
11.75		0.134485
11.76		0.134
11.77		0.133517
11.78		0.133035
11.79		0.132555
11.8		0.132077
11.81		0.1316
11.82		0.131125
11.83		0.130652
11.84		0.130181
11.85		0.129711
11.86		0.129243
11.87		0.128777
11.88		0.128313
11.89		0.12785
11.9		0.127389
11.91		0.126929
11.92		0.126471
11.93		0.126015
11.94		0.12556
11.95		0.125107
11.96		0.124656
11.97		0.124207
11.98		0.123759
11.99		0.123312
12		0.122867
12.01		0.122424
12.02		0.121983
12.03		0.121543
12.04		0.121104
12.05		0.120668
12.06		0.120232
12.07		0.119799
12.08		0.119367
12.09		0.118936
12.1		0.118507
12.11		0.11808
12.12		0.117654
12.13		0.11723
12.14		0.116807
12.15		0.116386
12.16		0.115966
12.17		0.115548
12.18		0.115132
12.19		0.114716
12.2		0.114303
12.21		0.113891
12.22		0.11348
12.23		0.113071
12.24		0.112663
12.25		0.112257
12.26		0.111852
12.27		0.111449
12.28		0.111047
12.29		0.110647
12.3		0.110248
12.31		0.109851
12.32		0.109455
12.33		0.10906
12.34		0.108667
12.35		0.108275
12.36		0.107885
12.37		0.107496
12.38		0.107109
12.39		0.106723
12.4		0.106338
12.41		0.105955
12.42		0.105573
12.43		0.105192
12.44		0.104813
12.45		0.104435
12.46		0.104059
12.47		0.103684
12.48		0.10331
12.49		0.102938
12.5		0.102567
12.51		0.102198
12.52		0.101829
12.53		0.101462
12.54		0.101097
12.55		0.100733
12.56		0.10037
12.57		0.100008
12.58		0.0996477
12.59		0.0992887
12.6		0.098931
12.61		0.0985746
12.62		0.0982195
12.63		0.0978656
12.64		0.0975131
12.65		0.0971618
12.66		0.0968118
12.67		0.0964631
12.68		0.0961157
12.69		0.0957695
12.7		0.0954245
12.71		0.0950808
12.72		0.0947384
12.73		0.0943972
12.74		0.0940572
12.75		0.0937185
12.76		0.093381
12.77		0.0930447
12.78		0.0927096
12.79		0.0923758
12.8		0.0920432
12.81		0.0917117
12.82		0.0913815
12.83		0.0910525
12.84		0.0907247
12.85		0.090398
12.86		0.0900726
12.87		0.0897483
12.88		0.0894252
12.89		0.0891033
12.9		0.0887825
12.91		0.0884629
12.92		0.0881445
12.93		0.0878272
12.94		0.0875111
12.95		0.0871961
12.96		0.0868823
12.97		0.0865696
12.98		0.086258
12.99		0.0859476
13		0.0856383
13.01		0.0853301
13.02		0.085023
13.03		0.0847171
13.04		0.0844123
13.05		0.0841085
13.06		0.0838059
13.07		0.0835044
13.08		0.0832039
13.09		0.0829046
13.1		0.0826063
13.11		0.0823092
13.12		0.0820131
13.13		0.0817181
13.14		0.0814241
13.15		0.0811312
13.16		0.0808394
13.17		0.0805487
13.18		0.080259
13.19		0.0799703
13.2		0.0796827
13.21		0.0793962
13.22		0.0791107
13.23		0.0788262
13.24		0.0785428
13.25		0.0782603
13.26		0.077979
13.27		0.0776986
13.28		0.0774193
13.29		0.0771409
13.3		0.0768636
13.31		0.0765873
13.32		0.076312
13.33		0.0760377
13.34		0.0757644
13.35		0.0754921
13.36		0.0752207
13.37		0.0749504
13.38		0.0746811
13.39		0.0744127
13.4		0.0741453
13.41		0.0738788
13.42		0.0736134
13.43		0.0733489
13.44		0.0730854
13.45		0.0728228
13.46		0.0725612
13.47		0.0723005
13.48		0.0720408
13.49		0.071782
13.5		0.0715242
13.51		0.0712673
13.52		0.0710113
13.53		0.0707563
13.54		0.0705022
13.55		0.070249
13.56		0.0699967
13.57		0.0697454
13.58		0.069495
13.59		0.0692455
13.6		0.0689969
13.61		0.0687492
13.62		0.0685024
13.63		0.0682564
13.64		0.0680114
13.65		0.0677673
13.66		0.0675241
13.67		0.0672818
13.68		0.0670403
13.69		0.0667997
13.7		0.06656
13.71		0.0663212
13.72		0.0660832
13.73		0.0658461
13.74		0.0656099
13.75		0.0653745
13.76		0.06514
13.77		0.0649063
13.78		0.0646735
13.79		0.0644416
13.8		0.0642105
13.81		0.0639802
13.82		0.0637507
13.83		0.0635221
13.84		0.0632944
13.85		0.0630674
13.86		0.0628413
13.87		0.062616
13.88		0.0623916
13.89		0.0621679
13.9		0.0619451
13.91		0.0617231
13.92		0.0615019
13.93		0.0612815
13.94		0.0610619
13.95		0.0608431
13.96		0.0606251
13.97		0.0604078
13.98		0.0601914
13.99		0.0599758
14		0.059761
14.01		0.0595469
14.02		0.0593336
14.03		0.0591211
14.04		0.0589094
14.05		0.0586985
14.06		0.0584883
14.07		0.0582789
14.08		0.0580702
14.09		0.0578623
14.1		0.0576552
14.11		0.0574488
14.12		0.0572432
14.13		0.0570383
14.14		0.0568342
14.15		0.0566308
14.16		0.0564282
14.17		0.0562263
14.18		0.0560251
14.19		0.0558247
14.2		0.055625
14.21		0.0554261
14.22		0.0552278
14.23		0.0550303
14.24		0.0548335
14.25		0.0546375
14.26		0.0544421
14.27		0.0542475
14.28		0.0540535
14.29		0.0538603
14.3		0.0536678
14.31		0.053476
14.32		0.0532849
14.33		0.0530945
14.34		0.0529048
14.35		0.0527158
14.36		0.0525274
14.37		0.0523398
14.38		0.0521528
14.39		0.0519666
14.4		0.051781
14.41		0.0515961
14.42		0.0514118
14.43		0.0512283
14.44		0.0510454
14.45		0.0508632
14.46		0.0506816
14.47		0.0505007
14.48		0.0503205
14.49		0.0501409
14.5		0.049962
14.51		0.0497838
14.52		0.0496062
14.53		0.0494292
14.54		0.0492529
14.55		0.0490773
14.56		0.0489023
14.57		0.0487279
14.58		0.0485542
14.59		0.0483811
14.6		0.0482086
14.61		0.0480368
14.62		0.0478656
14.63		0.047695
14.64		0.0475251
14.65		0.0473557
14.66		0.047187
14.67		0.0470189
14.68		0.0468515
14.69		0.0466846
14.7		0.0465184
14.71		0.0463528
14.72		0.0461877
14.73		0.0460233
14.74		0.0458595
14.75		0.0456963
14.76		0.0455337
14.77		0.0453717
14.78		0.0452102
14.79		0.0450494
14.8		0.0448892
14.81		0.0447295
14.82		0.0445705
14.83		0.044412
14.84		0.0442541
14.85		0.0440968
14.86		0.04394
14.87		0.0437839
14.88		0.0436283
14.89		0.0434733
14.9		0.0433188
14.91		0.0431649
14.92		0.0430116
14.93		0.0428589
14.94		0.0427067
14.95		0.0425551
14.96		0.042404
14.97		0.0422535
14.98		0.0421035
14.99		0.0419541
15		0.0418053
15.01		0.041657
15.02		0.0415092
15.03		0.041362
15.04		0.0412153
15.05		0.0410692
15.06		0.0409236
15.07		0.0407785
15.08		0.040634
15.09		0.04049
15.1		0.0403466
15.11		0.0402036
15.12		0.0400612
15.13		0.0399193
15.14		0.039778
15.15		0.0396371
15.16		0.0394968
15.17		0.039357
15.18		0.0392178
15.19		0.039079
15.2		0.0389407
15.21		0.038803
15.22		0.0386658
15.23		0.038529
15.24		0.0383928
15.25		0.0382571
15.26		0.0381219
15.27		0.0379871
15.28		0.0378529
15.29		0.0377192
15.3		0.037586
15.31		0.0374532
15.32		0.037321
15.33		0.0371892
15.34		0.037058
15.35		0.0369272
15.36		0.0367969
15.37		0.0366671
15.38		0.0365377
15.39		0.0364089
15.4		0.0362805
15.41		0.0361526
15.42		0.0360252
15.43		0.0358982
15.44		0.0357717
15.45		0.0356457
15.46		0.0355202
15.47		0.0353951
15.48		0.0352705
15.49		0.0351463
15.5		0.0350226
15.51		0.0348994
15.52		0.0347766
15.53		0.0346543
15.54		0.0345324
15.55		0.034411
15.56		0.03429
15.57		0.0341695
15.58		0.0340494
15.59		0.0339298
15.6		0.0338106
15.61		0.0336919
15.62		0.0335736
15.63		0.0334558
15.64		0.0333384
15.65		0.0332214
15.66		0.0331048
15.67		0.0329887
15.68		0.0328731
15.69		0.0327578
15.7		0.032643
15.71		0.0325286
15.72		0.0324147
15.73		0.0323011
15.74		0.032188
15.75		0.0320753
15.76		0.0319631
15.77		0.0318512
15.78		0.0317398
15.79		0.0316288
15.8		0.0315182
15.81		0.031408
15.82		0.0312982
15.83		0.0311889
15.84		0.0310799
15.85		0.0309714
15.86		0.0308632
15.87		0.0307555
15.88		0.0306481
15.89		0.0305412
15.9		0.0304347
15.91		0.0303286
15.92		0.0302228
15.93		0.0301175
15.94		0.0300125
15.95		0.029908
15.96		0.0298038
15.97		0.0297001
15.98		0.0295967
15.99		0.0294937
16		0.0293911
16.01		0.0292889
16.02		0.029187
16.03		0.0290856
16.04		0.0289845
16.05		0.0288838
16.06		0.0287835
16.07		0.0286836
16.08		0.028584
16.09		0.0284849
16.1		0.028386
16.11		0.0282876
16.12		0.0281895
16.13		0.0280919
16.14		0.0279945
16.15		0.0278976
16.16		0.027801
16.17		0.0277047
16.18		0.0276089
16.19		0.0275134
16.2		0.0274182
16.21		0.0273234
16.22		0.027229
16.23		0.0271349
16.24		0.0270412
16.25		0.0269479
16.26		0.0268549
16.27		0.0267622
16.28		0.0266699
16.29		0.026578
16.3		0.0264864
16.31		0.0263951
16.32		0.0263042
16.33		0.0262136
16.34		0.0261234
16.35		0.0260335
16.36		0.025944
16.37		0.0258548
16.38		0.0257659
16.39		0.0256774
16.4		0.0255892
16.41		0.0255014
16.42		0.0254138
16.43		0.0253267
16.44		0.0252398
16.45		0.0251533
16.46		0.0250671
16.47		0.0249812
16.48		0.0248957
16.49		0.0248105
16.5		0.0247256
16.51		0.0246411
16.52		0.0245568
16.53		0.0244729
16.54		0.0243893
16.55		0.0243061
16.56		0.0242231
16.57		0.0241405
16.58		0.0240582
16.59		0.0239762
16.6		0.0238945
16.61		0.0238131
16.62		0.023732
16.63		0.0236513
16.64		0.0235708
16.65		0.0234907
16.66		0.0234109
16.67		0.0233314
16.68		0.0232521
16.69		0.0231732
16.7		0.0230946
16.71		0.0230163
16.72		0.0229383
16.73		0.0228606
16.74		0.0227832
16.75		0.0227061
16.76		0.0226293
16.77		0.0225528
16.78		0.0224766
16.79		0.0224007
16.8		0.0223251
16.81		0.0222498
16.82		0.0221747
16.83		0.0221
16.84		0.0220255
16.85		0.0219514
16.86		0.0218775
16.87		0.0218039
16.88		0.0217306
16.89		0.0216576
16.9		0.0215848
16.91		0.0215124
16.92		0.0214402
16.93		0.0213683
16.94		0.0212967
16.95		0.0212254
16.96		0.0211543
16.97		0.0210835
16.98		0.021013
16.99		0.0209428
17		0.0208729
17.01		0.0208032
17.02		0.0207338
17.03		0.0206647
17.04		0.0205958
17.05		0.0205272
17.06		0.0204589
17.07		0.0203908
17.08		0.020323
17.09		0.0202555
17.1		0.0201883
17.11		0.0201213
17.12		0.0200546
17.13		0.0199881
17.14		0.0199219
17.15		0.019856
17.16		0.0197903
17.17		0.0197249
17.18		0.0196597
17.19		0.0195948
17.2		0.0195301
17.21		0.0194658
17.22		0.0194016
17.23		0.0193377
17.24		0.0192741
17.25		0.0192107
17.26		0.0191476
17.27		0.0190847
17.28		0.0190221
17.29		0.0189598
17.3		0.0188976
17.31		0.0188358
17.32		0.0187741
17.33		0.0187128
17.34		0.0186516
17.35		0.0185907
17.36		0.0185301
17.37		0.0184697
17.38		0.0184095
17.39		0.0183496
17.4		0.0182899
17.41		0.0182305
17.42		0.0181713
17.43		0.0181123
17.44		0.0180536
17.45		0.0179951
17.46		0.0179368
17.47		0.0178788
17.48		0.017821
17.49		0.0177635
17.5		0.0177062
17.51		0.0176491
17.52		0.0175922
17.53		0.0175356
17.54		0.0174792
17.55		0.017423
17.56		0.0173671
17.57		0.0173114
17.58		0.0172559
17.59		0.0172007
17.6		0.0171456
17.61		0.0170908
17.62		0.0170362
17.63		0.0169819
17.64		0.0169278
17.65		0.0168738
17.66		0.0168202
17.67		0.0167667
17.68		0.0167134
17.69		0.0166604
17.7		0.0166076
17.71		0.016555
17.72		0.0165026
17.73		0.0164504
17.74		0.0163985
17.75		0.0163468
17.76		0.0162953
17.77		0.016244
17.78		0.0161929
17.79		0.016142
17.8		0.0160913
17.81		0.0160409
17.82		0.0159906
17.83		0.0159406
17.84		0.0158908
17.85		0.0158411
17.86		0.0157917
17.87		0.0157425
17.88		0.0156935
17.89		0.0156447
17.9		0.0155961
17.91		0.0155478
17.92		0.0154996
17.93		0.0154516
17.94		0.0154038
17.95		0.0153563
17.96		0.0153089
17.97		0.0152617
17.98		0.0152148
17.99		0.015168
18		0.0151214
18.01		0.0150751
18.02		0.0150289
18.03		0.0149829
18.04		0.0149371
18.05		0.0148915
18.06		0.0148462
18.07		0.014801
18.08		0.014756
18.09		0.0147112
18.1		0.0146665
18.11		0.0146221
18.12		0.0145779
18.13		0.0145339
18.14		0.01449
18.15		0.0144464
18.16		0.0144029
18.17		0.0143596
18.18		0.0143165
18.19		0.0142736
18.2		0.0142309
18.21		0.0141884
18.22		0.014146
18.23		0.0141039
18.24		0.0140619
18.25		0.0140201
18.26		0.0139785
18.27		0.0139371
18.28		0.0138958
18.29		0.0138548
18.3		0.0138139
18.31		0.0137732
18.32		0.0137327
18.33		0.0136924
18.34		0.0136522
18.35		0.0136122
18.36		0.0135724
18.37		0.0135328
18.38		0.0134934
18.39		0.0134541
18.4		0.013415
18.41		0.0133761
18.42		0.0133374
18.43		0.0132988
18.44		0.0132604
18.45		0.0132222
18.46		0.0131842
18.47		0.0131463
18.48		0.0131086
18.49		0.0130711
18.5		0.0130337
18.51		0.0129966
18.52		0.0129595
18.53		0.0129227
18.54		0.012886
18.55		0.0128495
18.56		0.0128132
18.57		0.012777
18.58		0.012741
18.59		0.0127052
18.6		0.0126695
18.61		0.012634
18.62		0.0125987
18.63		0.0125635
18.64		0.0125285
18.65		0.0124937
18.66		0.012459
18.67		0.0124245
18.68		0.0123902
18.69		0.012356
18.7		0.012322
18.71		0.0122881
18.72		0.0122544
18.73		0.0122208
18.74		0.0121875
18.75		0.0121542
18.76		0.0121212
18.77		0.0120883
18.78		0.0120555
18.79		0.012023
18.8		0.0119905
18.81		0.0119583
18.82		0.0119261
18.83		0.0118942
18.84		0.0118624
18.85		0.0118307
18.86		0.0117992
18.87		0.0117679
18.88		0.0117367
18.89		0.0117057
18.9		0.0116748
18.91		0.0116441
18.92		0.0116135
18.93		0.0115831
18.94		0.0115529
18.95		0.0115227
18.96		0.0114928
18.97		0.011463
18.98		0.0114333
18.99		0.0114038
19		0.0113744
19.01		0.0113452
19.02		0.0113162
19.03		0.0112872
19.04		0.0112585
19.05		0.0112299
19.06		0.0112014
19.07		0.0111731
19.08		0.0111449
19.09		0.0111168
19.1		0.011089
19.11		0.0110612
19.12		0.0110336
19.13		0.0110062
19.14		0.0109789
19.15		0.0109517
19.16		0.0109247
19.17		0.0108978
19.18		0.0108711
19.19		0.0108445
19.2		0.010818
19.21		0.0107917
19.22		0.0107655
19.23		0.0107395
19.24		0.0107136
19.25		0.0106879
19.26		0.0106623
19.27		0.0106368
19.28		0.0106115
19.29		0.0105863
19.3		0.0105613
19.31		0.0105364
19.32		0.0105116
19.33		0.010487
19.34		0.0104625
19.35		0.0104381
19.36		0.0104139
19.37		0.0103898
19.38		0.0103659
19.39		0.010342
19.4		0.0103184
19.41		0.0102948
19.42		0.0102714
19.43		0.0102481
19.44		0.010225
19.45		0.010202
19.46		0.0101791
19.47		0.0101564
19.48		0.0101338
19.49		0.0101113
19.5		0.010089
19.51		0.0100668
19.52		0.0100447
19.53		0.0100228
19.54		0.010001
19.55		0.00997929
19.56		0.00995774
19.57		0.00993632
19.58		0.00991504
19.59		0.00989388
19.6		0.00987285
19.61		0.00985195
19.62		0.00983119
19.63		0.00981055
19.64		0.00979004
19.65		0.00976965
19.66		0.0097494
19.67		0.00972927
19.68		0.00970927
19.69		0.0096894
19.7		0.00966966
19.71		0.00965004
19.72		0.00963055
19.73		0.00961118
19.74		0.00959194
19.75		0.00957283
19.76		0.00955384
19.77		0.00953498
19.78		0.00951624
19.79		0.00949763
19.8		0.00947914
19.81		0.00946078
19.82		0.00944254
19.83		0.00942442
19.84		0.00940643
19.85		0.00938856
19.86		0.00937081
19.87		0.00935319
19.88		0.00933569
19.89		0.00931831
19.9		0.00930106
19.91		0.00928392
19.92		0.00926691
19.93		0.00925002
19.94		0.00923325
19.95		0.0092166
19.96		0.00920007
19.97		0.00918367
19.98		0.00916738
19.99		0.00915121
20		0.00913517
20.01		0.00911883
20.02		0.00910209
20.03		0.00908537
20.04		0.00906869
20.05		0.00905203
20.06		0.0090354
20.07		0.0090188
20.08		0.00900223
20.09		0.00898569
20.1		0.00896917
20.11		0.00895269
20.12		0.00893623
20.13		0.0089198
20.14		0.0089034
20.15		0.00888703
20.16		0.00887069
20.17		0.00885438
20.18		0.00883809
20.19		0.00882183
20.2		0.00880561
20.21		0.0087894
20.22		0.00877323
20.23		0.00875709
20.24		0.00874097
20.25		0.00872488
20.26		0.00870882
20.27		0.00869279
20.28		0.00867678
20.29		0.0086608
20.3		0.00864485
20.31		0.00862893
20.32		0.00861304
20.33		0.00859717
20.34		0.00858133
20.35		0.00856552
20.36		0.00854973
20.37		0.00853398
20.38		0.00851824
20.39		0.00850254
20.4		0.00848687
20.41		0.00847122
20.42		0.0084556
20.43		0.00844
20.44		0.00842443
20.45		0.00840889
20.46		0.00839338
20.47		0.00837789
20.48		0.00836243
20.49		0.008347
20.5		0.00833159
20.51		0.00831621
20.52		0.00830086
20.53		0.00828553
20.54		0.00827023
20.55		0.00825496
20.56		0.00823971
20.57		0.00822449
20.58		0.00820929
20.59		0.00819412
20.6		0.00817898
20.61		0.00816386
20.62		0.00814877
20.63		0.00813371
20.64		0.00811867
20.65		0.00810366
20.66		0.00808867
20.67		0.00807371
20.68		0.00805878
20.69		0.00804387
20.7		0.00802898
20.71		0.00801413
20.72		0.00799929
20.73		0.00798449
20.74		0.00796971
20.75		0.00795495
20.76		0.00794022
20.77		0.00792552
20.78		0.00791084
20.79		0.00789618
20.8		0.00788156
20.81		0.00786695
20.82		0.00785237
20.83		0.00783782
20.84		0.00782329
20.85		0.00780879
20.86		0.00779431
20.87		0.00777986
20.88		0.00776543
20.89		0.00775102
20.9		0.00773665
20.91		0.00772229
20.92		0.00770796
20.93		0.00769366
20.94		0.00767938
20.95		0.00766512
20.96		0.00765089
20.97		0.00763668
20.98		0.0076225
20.99		0.00760834
21		0.00759421
21.01		0.0075801
21.02		0.00756602
21.03		0.00755196
21.04		0.00753792
21.05		0.00752391
21.06		0.00750992
21.07		0.00749595
21.08		0.00748201
21.09		0.0074681
21.1		0.0074542
21.11		0.00744033
21.12		0.00742649
21.13		0.00741267
21.14		0.00739887
21.15		0.0073851
21.16		0.00737134
21.17		0.00735762
21.18		0.00734391
21.19		0.00733023
21.2		0.00731658
21.21		0.00730294
21.22		0.00728933
21.23		0.00727575
21.24		0.00726219
21.25		0.00724865
21.26		0.00723513
21.27		0.00722163
21.28		0.00720816
21.29		0.00719472
21.3		0.00718129
21.31		0.00716789
21.32		0.00715451
21.33		0.00714116
21.34		0.00712782
21.35		0.00711451
21.36		0.00710123
21.37		0.00708796
21.38		0.00707472
21.39		0.0070615
21.4		0.0070483
21.41		0.00703513
21.42		0.00702198
21.43		0.00700885
21.44		0.00699574
21.45		0.00698266
21.46		0.00696959
21.47		0.00695655
21.48		0.00694354
21.49		0.00693054
21.5		0.00691757
21.51		0.00690462
21.52		0.00689169
21.53		0.00687878
21.54		0.00686589
21.55		0.00685303
21.56		0.00684019
21.57		0.00682737
21.58		0.00681457
21.59		0.0068018
21.6		0.00678904
21.61		0.00677631
21.62		0.0067636
21.63		0.00675091
21.64		0.00673824
21.65		0.0067256
21.66		0.00671297
21.67		0.00670037
21.68		0.00668779
21.69		0.00667523
21.7		0.00666269
21.71		0.00665017
21.72		0.00663767
21.73		0.0066252
21.74		0.00661274
21.75		0.00660031
21.76		0.0065879
21.77		0.00657551
21.78		0.00656314
21.79		0.00655079
21.8		0.00653846
21.81		0.00652616
21.82		0.00651387
21.83		0.00650161
21.84		0.00648936
21.85		0.00647714
21.86		0.00646494
21.87		0.00645275
21.88		0.00644059
21.89		0.00642845
21.9		0.00641633
21.91		0.00640423
21.92		0.00639215
21.93		0.00638009
21.94		0.00636805
21.95		0.00635604
21.96		0.00634404
21.97		0.00633206
21.98		0.0063201
21.99		0.00630817
22		0.00629625
22.01		0.00628435
22.02		0.00627247
22.03		0.00626062
22.04		0.00624878
22.05		0.00623696
22.06		0.00622517
22.07		0.00621339
22.08		0.00620163
22.09		0.0061899
22.1		0.00617818
22.11		0.00616648
22.12		0.0061548
22.13		0.00614315
22.14		0.00613151
22.15		0.00611989
22.16		0.00610829
22.17		0.00609671
22.18		0.00608515
22.19		0.00607361
22.2		0.00606209
22.21		0.00605058
22.22		0.0060391
22.23		0.00602764
22.24		0.00601619
22.25		0.00600477
22.26		0.00599336
22.27		0.00598197
22.28		0.00597061
22.29		0.00595926
22.3		0.00594793
22.31		0.00593662
22.32		0.00592533
22.33		0.00591405
22.34		0.0059028
22.35		0.00589157
22.36		0.00588035
22.37		0.00586915
22.38		0.00585798
22.39		0.00584682
22.4		0.00583568
22.41		0.00582455
22.42		0.00581345
22.43		0.00580236
22.44		0.0057913
22.45		0.00578025
22.46		0.00576922
22.47		0.00575821
22.48		0.00574722
22.49		0.00573624
22.5		0.00572529
22.51		0.00571435
22.52		0.00570343
22.53		0.00569253
22.54		0.00568165
22.55		0.00567078
22.56		0.00565993
22.57		0.00564911
22.58		0.0056383
22.59		0.0056275
22.6		0.00561673
22.61		0.00560597
22.62		0.00559523
22.63		0.00558451
22.64		0.00557381
22.65		0.00556312
22.66		0.00555246
22.67		0.00554181
22.68		0.00553118
22.69		0.00552056
22.7		0.00550997
22.71		0.00549939
22.72		0.00548883
22.73		0.00547828
22.74		0.00546776
22.75		0.00545725
22.76		0.00544676
22.77		0.00543628
22.78		0.00542583
22.79		0.00541539
22.8		0.00540497
22.81		0.00539456
22.82		0.00538417
22.83		0.0053738
22.84		0.00536345
22.85		0.00535311
22.86		0.0053428
22.87		0.00533249
22.88		0.00532221
22.89		0.00531194
22.9		0.00530169
22.91		0.00529146
22.92		0.00528124
22.93		0.00527104
22.94		0.00526086
22.95		0.00525069
22.96		0.00524054
22.97		0.00523041
22.98		0.0052203
22.99		0.0052102
23		0.00520011
23.01		0.00519005
23.02		0.00518
23.03		0.00516997
23.04		0.00515995
23.05		0.00514995
23.06		0.00513997
23.07		0.00513
23.08		0.00512005
23.09		0.00511012
23.1		0.0051002
23.11		0.0050903
23.12		0.00508041
23.13		0.00507054
23.14		0.00506069
23.15		0.00505085
23.16		0.00504103
23.17		0.00503123
23.18		0.00502144
23.19		0.00501167
23.2		0.00500191
23.21		0.00499217
23.22		0.00498245
23.23		0.00497274
23.24		0.00496305
23.25		0.00495337
23.26		0.00494371
23.27		0.00493407
23.28		0.00492444
23.29		0.00491483
23.3		0.00490523
23.31		0.00489565
23.32		0.00488608
23.33		0.00487653
23.34		0.004867
23.35		0.00485748
23.36		0.00484797
23.37		0.00483848
23.38		0.00482901
23.39		0.00481955
23.4		0.00481011
23.41		0.00480068
23.42		0.00479127
23.43		0.00478188
23.44		0.0047725
23.45		0.00476313
23.46		0.00475378
23.47		0.00474445
23.48		0.00473513
23.49		0.00472582
23.5		0.00471653
23.51		0.00470726
23.52		0.004698
23.53		0.00468875
23.54		0.00467952
23.55		0.00467031
23.56		0.00466111
23.57		0.00465193
23.58		0.00464276
23.59		0.0046336
23.6		0.00462446
23.61		0.00461534
23.62		0.00460622
23.63		0.00459713
23.64		0.00458805
23.65		0.00457898
23.66		0.00456993
23.67		0.00456089
23.68		0.00455187
23.69		0.00454286
23.7		0.00453387
23.71		0.00452489
23.72		0.00451592
23.73		0.00450697
23.74		0.00449804
23.75		0.00448912
23.76		0.00448021
23.77		0.00447132
23.78		0.00446244
23.79		0.00445357
23.8		0.00444472
23.81		0.00443589
23.82		0.00442707
23.83		0.00441826
23.84		0.00440947
23.85		0.00440069
23.86		0.00439192
23.87		0.00438317
23.88		0.00437443
23.89		0.00436571
23.9		0.004357
23.91		0.00434831
23.92		0.00433962
23.93		0.00433096
23.94		0.0043223
23.95		0.00431366
23.96		0.00430504
23.97		0.00429643
23.98		0.00428783
23.99		0.00427924
24		0.00427067
24.01		0.00426211
24.02		0.00425357
24.03		0.00424504
24.04		0.00423652
24.05		0.00422802
24.06		0.00421953
24.07		0.00421106
24.08		0.00420259
24.09		0.00419414
24.1		0.00418571
24.11		0.00417729
24.12		0.00416888
24.13		0.00416048
24.14		0.0041521
24.15		0.00414373
24.16		0.00413537
24.17		0.00412703
24.18		0.0041187
24.19		0.00411038
24.2		0.00410208
24.21		0.00409379
24.22		0.00408551
24.23		0.00407725
24.24		0.004069
24.25		0.00406076
24.26		0.00405254
24.27		0.00404433
24.28		0.00403613
24.29		0.00402794
24.3		0.00401977
24.31		0.00401161
24.32		0.00400346
24.33		0.00399532
24.34		0.0039872
24.35		0.00397909
24.36		0.003971
24.37		0.00396291
24.38		0.00395484
24.39		0.00394678
24.4		0.00393874
24.41		0.0039307
24.42		0.00392268
24.43		0.00391468
24.44		0.00390668
24.45		0.0038987
24.46		0.00389073
24.47		0.00388277
24.48		0.00387482
24.49		0.00386689
24.5		0.00385897
24.51		0.00385106
24.52		0.00384316
24.53		0.00383528
24.54		0.00382741
24.55		0.00381955
24.56		0.0038117
24.57		0.00380386
24.58		0.00379604
24.59		0.00378823
24.6		0.00378043
24.61		0.00377264
24.62		0.00376487
24.63		0.00375711
24.64		0.00374936
24.65		0.00374162
24.66		0.00373389
24.67		0.00372618
24.68		0.00371847
24.69		0.00371078
24.7		0.0037031
24.71		0.00369544
24.72		0.00368778
24.73		0.00368014
24.74		0.00367251
24.75		0.00366489
24.76		0.00365728
24.77		0.00364968
24.78		0.00364209
24.79		0.00363452
24.8		0.00362696
24.81		0.00361941
24.82		0.00361187
24.83		0.00360434
24.84		0.00359683
24.85		0.00358932
24.86		0.00358183
24.87		0.00357435
24.88		0.00356688
24.89		0.00355942
24.9		0.00355198
24.91		0.00354454
24.92		0.00353712
24.93		0.0035297
24.94		0.0035223
24.95		0.00351491
24.96		0.00350753
24.97		0.00350016
24.98		0.00349281
24.99		0.00348546
25		0.00347813
25.01		0.0034708
25.02		0.00346349
25.03		0.00345619
25.04		0.0034489
25.05		0.00344162
25.06		0.00343435
25.07		0.0034271
25.08		0.00341985
25.09		0.00341261
25.1		0.00340539
25.11		0.00339818
25.12		0.00339097
25.13		0.00338378
25.14		0.0033766
25.15		0.00336943
25.16		0.00336227
25.17		0.00335512
25.18		0.00334799
25.19		0.00334086
25.2		0.00333374
25.21		0.00332664
25.22		0.00331954
25.23		0.00331246
25.24		0.00330538
25.25		0.00329832
25.26		0.00329127
25.27		0.00328422
25.28		0.00327719
25.29		0.00327017
25.3		0.00326316
25.31		0.00325616
25.32		0.00324917
25.33		0.00324219
25.34		0.00323522
25.35		0.00322826
25.36		0.00322131
25.37		0.00321437
25.38		0.00320745
25.39		0.00320053
25.4		0.00319362
25.41		0.00318672
25.42		0.00317984
25.43		0.00317296
25.44		0.00316609
25.45		0.00315924
25.46		0.00315239
25.47		0.00314555
25.48		0.00313873
25.49		0.00313191
25.5		0.0031251
25.51		0.00311831
25.52		0.00311152
25.53		0.00310474
25.54		0.00309798
25.55		0.00309122
25.56		0.00308447
25.57		0.00307774
25.58		0.00307101
25.59		0.00306429
25.6		0.00305758
25.61		0.00305089
25.62		0.0030442
25.63		0.00303752
25.64		0.00303085
25.65		0.00302419
25.66		0.00301754
25.67		0.0030109
25.68		0.00300427
25.69		0.00299765
25.7		0.00299104
25.71		0.00298444
25.72		0.00297785
25.73		0.00297127
25.74		0.0029647
25.75		0.00295813
25.76		0.00295158
25.77		0.00294504
25.78		0.0029385
25.79		0.00293197
25.8		0.00292546
25.81		0.00291895
25.82		0.00291245
25.83		0.00290597
25.84		0.00289949
25.85		0.00289302
25.86		0.00288656
25.87		0.00288011
25.88		0.00287367
25.89		0.00286723
25.9		0.00286081
25.91		0.00285439
25.92		0.00284799
25.93		0.00284159
25.94		0.00283521
25.95		0.00282883
25.96		0.00282246
25.97		0.0028161
25.98		0.00280975
25.99		0.00280341
26		0.00279707
26.01		0.00279075
26.02		0.00278444
26.03		0.00277813
26.04		0.00277183
26.05		0.00276554
26.06		0.00275926
26.07		0.00275299
26.08		0.00274673
26.09		0.00274048
26.1		0.00273423
26.11		0.002728
26.12		0.00272177
26.13		0.00271555
26.14		0.00270934
26.15		0.00270314
26.16		0.00269695
26.17		0.00269077
26.18		0.00268459
26.19		0.00267842
26.2		0.00267227
26.21		0.00266612
26.22		0.00265998
26.23		0.00265384
26.24		0.00264772
26.25		0.00264161
26.26		0.0026355
26.27		0.0026294
26.28		0.00262331
26.29		0.00261723
26.3		0.00261115
26.31		0.00260509
26.32		0.00259903
26.33		0.00259298
26.34		0.00258694
26.35		0.00258091
26.36		0.00257489
26.37		0.00256887
26.38		0.00256287
26.39		0.00255687
26.4		0.00255088
26.41		0.00254489
26.42		0.00253892
26.43		0.00253295
26.44		0.002527
26.45		0.00252105
26.46		0.0025151
26.47		0.00250917
26.48		0.00250324
26.49		0.00249733
26.5		0.00249142
26.51		0.00248551
26.52		0.00247962
26.53		0.00247373
26.54		0.00246785
26.55		0.00246198
26.56		0.00245612
26.57		0.00245027
26.58		0.00244442
26.59		0.00243858
26.6		0.00243275
26.61		0.00242693
26.62		0.00242111
26.63		0.0024153
26.64		0.0024095
26.65		0.00240371
26.66		0.00239793
26.67		0.00239215
26.68		0.00238638
26.69		0.00238062
26.7		0.00237486
26.71		0.00236912
26.72		0.00236338
26.73		0.00235765
26.74		0.00235192
26.75		0.0023462
26.76		0.0023405
26.77		0.00233479
26.78		0.0023291
26.79		0.00232341
26.8		0.00231773
26.81		0.00231206
26.82		0.0023064
26.83		0.00230074
26.84		0.00229509
26.85		0.00228945
26.86		0.00228381
26.87		0.00227819
26.88		0.00227257
26.89		0.00226695
26.9		0.00226135
26.91		0.00225575
26.92		0.00225016
26.93		0.00224457
26.94		0.002239
26.95		0.00223343
26.96		0.00222786
26.97		0.00222231
26.98		0.00221676
26.99		0.00221122
27		0.00220568
27.01		0.00220016
27.02		0.00219463
27.03		0.00218912
27.04		0.00218362
27.05		0.00217812
27.06		0.00217262
27.07		0.00216714
27.08		0.00216166
27.09		0.00215619
27.1		0.00215072
27.11		0.00214527
27.12		0.00213981
27.13		0.00213437
27.14		0.00212893
27.15		0.0021235
27.16		0.00211808
27.17		0.00211266
27.18		0.00210725
27.19		0.00210185
27.2		0.00209645
27.21		0.00209106
27.22		0.00208568
27.23		0.0020803
27.24		0.00207493
27.25		0.00206957
27.26		0.00206421
27.27		0.00205886
27.28		0.00205352
27.29		0.00204818
27.3		0.00204285
27.31		0.00203753
27.32		0.00203221
27.33		0.0020269
27.34		0.00202159
27.35		0.0020163
27.36		0.002011
27.37		0.00200572
27.38		0.00200044
27.39		0.00199517
27.4		0.0019899
27.41		0.00198464
27.42		0.00197939
27.43		0.00197414
27.44		0.0019689
27.45		0.00196367
27.46		0.00195844
27.47		0.00195322
27.48		0.001948
27.49		0.00194279
27.5		0.00193759
27.51		0.00193239
27.52		0.0019272
27.53		0.00192202
27.54		0.00191684
27.55		0.00191167
27.56		0.0019065
27.57		0.00190134
27.58		0.00189619
27.59		0.00189104
27.6		0.0018859
27.61		0.00188076
27.62		0.00187563
27.63		0.00187051
27.64		0.00186539
27.65		0.00186028
27.66		0.00185517
27.67		0.00185007
27.68		0.00184498
27.69		0.00183989
27.7		0.00183481
27.71		0.00182973
27.72		0.00182466
27.73		0.0018196
27.74		0.00181454
27.75		0.00180948
27.76		0.00180444
27.77		0.0017994
27.78		0.00179436
27.79		0.00178933
27.8		0.00178431
27.81		0.00177929
27.82		0.00177427
27.83		0.00176927
27.84		0.00176426
27.85		0.00175927
27.86		0.00175428
27.87		0.00174929
27.88		0.00174431
27.89		0.00173934
27.9		0.00173437
27.91		0.00172941
27.92		0.00172445
27.93		0.0017195
27.94		0.00171456
27.95		0.00170962
27.96		0.00170468
27.97		0.00169975
27.98		0.00169483
27.99		0.00168991
28		0.00168499
28.01		0.00168009
28.02		0.00167518
28.03		0.00167029
28.04		0.0016654
28.05		0.00166051
28.06		0.00165563
28.07		0.00165075
28.08		0.00164588
28.09		0.00164102
28.1		0.00163616
28.11		0.0016313
28.12		0.00162645
28.13		0.00162161
28.14		0.00161677
28.15		0.00161193
28.16		0.0016071
28.17		0.00160228
28.18		0.00159746
28.19		0.00159265
28.2		0.00158784
28.21		0.00158304
28.22		0.00157824
28.23		0.00157344
28.24		0.00156866
28.25		0.00156387
28.26		0.00155909
28.27		0.00155432
28.28		0.00154955
28.29		0.00154479
28.3		0.00154003
28.31		0.00153528
28.32		0.00153053
28.33		0.00152578
28.34		0.00152105
28.35		0.00151631
28.36		0.00151158
28.37		0.00150686
28.38		0.00150214
28.39		0.00149742
28.4		0.00149271
28.41		0.00148801
28.42		0.00148331
28.43		0.00147861
28.44		0.00147392
28.45		0.00146924
28.46		0.00146455
28.47		0.00145988
28.48		0.00145521
28.49		0.00145054
28.5		0.00144588
28.51		0.00144122
28.52		0.00143656
28.53		0.00143191
28.54		0.00142727
28.55		0.00142263
28.56		0.001418
28.57		0.00141336
28.58		0.00140874
28.59		0.00140412
28.6		0.0013995
28.61		0.00139489
28.62		0.00139028
28.63		0.00138567
28.64		0.00138107
28.65		0.00137648
28.66		0.00137189
28.67		0.0013673
28.68		0.00136272
28.69		0.00135814
28.7		0.00135357
28.71		0.001349
28.72		0.00134444
28.73		0.00133988
28.74		0.00133532
28.75		0.00133077
28.76		0.00132622
28.77		0.00132168
28.78		0.00131714
28.79		0.0013126
28.8		0.00130807
28.81		0.00130355
28.82		0.00129902
28.83		0.00129451
28.84		0.00128999
28.85		0.00128548
28.86		0.00128098
28.87		0.00127648
28.88		0.00127198
28.89		0.00126748
28.9		0.00126299
28.91		0.00125851
28.92		0.00125403
28.93		0.00124955
28.94		0.00124508
28.95		0.00124061
28.96		0.00123614
28.97		0.00123168
28.98		0.00122722
28.99		0.00122277
29		0.00121832
29.01		0.00121387
29.02		0.00120943
29.03		0.00120499
29.04		0.00120056
29.05		0.00119613
29.06		0.0011917
29.07		0.00118728
29.08		0.00118286
29.09		0.00117845
29.1		0.00117404
29.11		0.00116963
29.12		0.00116522
29.13		0.00116082
29.14		0.00115643
29.15		0.00115203
29.16		0.00114765
29.17		0.00114326
29.18		0.00113888
29.19		0.0011345
29.2		0.00113013
29.21		0.00112575
29.22		0.00112139
29.23		0.00111702
29.24		0.00111266
29.25		0.00110831
29.26		0.00110395
29.27		0.0010996
29.28		0.00109526
29.29		0.00109092
29.3		0.00108658
29.31		0.00108224
29.32		0.00107791
29.33		0.00107358
29.34		0.00106926
29.35		0.00106493
29.36		0.00106062
29.37		0.0010563
29.38		0.00105199
29.39		0.00104768
29.4		0.00104338
29.41		0.00103907
29.42		0.00103478
29.43		0.00103048
29.44		0.00102619
29.45		0.0010219
29.46		0.00101762
29.47		0.00101333
29.48		0.00100906
29.49		0.00100478
29.5		0.00100051
29.51		0.00099624
29.52		0.000991974
29.53		0.000987711
29.54		0.000983452
29.55		0.000979196
29.56		0.000974943
29.57		0.000970693
29.58		0.000966446
29.59		0.000962202
29.6		0.000957961
29.61		0.000953724
29.62		0.000949489
29.63		0.000945257
29.64		0.000941029
29.65		0.000936803
29.66		0.000932581
29.67		0.000928361
29.68		0.000924144
29.69		0.000919931
29.7		0.00091572
29.71		0.000911512
29.72		0.000907307
29.73		0.000903105
29.74		0.000898906
29.75		0.00089471
29.76		0.000890517
29.77		0.000886326
29.78		0.000882138
29.79		0.000877953
29.8		0.000873771
29.81		0.000869592
29.82		0.000865416
29.83		0.000861242
29.84		0.000857071
29.85		0.000852903
29.86		0.000848737
29.87		0.000844574
29.88		0.000840414
29.89		0.000836257
29.9		0.000832102
29.91		0.00082795
29.92		0.000823801
29.93		0.000819654
29.94		0.00081551
29.95		0.000811368
29.96		0.000807229
29.97		0.000803093
29.98		0.000798959
29.99		0.000794828
30		0.000790699
30.01		0.000786925
30.02		0.000783441
30.03		0.000779973
30.04		0.000776519
30.05		0.000773082
30.06		0.000769659
30.07		0.000766252
30.08		0.00076286
30.09		0.000759483
30.1		0.000756121
30.11		0.000752773
30.12		0.000749441
30.13		0.000746124
30.14		0.000742821
30.15		0.000739533
30.16		0.00073626
30.17		0.000733001
30.18		0.000729756
30.19		0.000726526
30.2		0.000723311
30.21		0.000720109
30.22		0.000716922
30.23		0.000713749
30.24		0.00071059
30.25		0.000707446
30.26		0.000704315
30.27		0.000701198
30.28		0.000698095
30.29		0.000695005
30.3		0.00069193
30.31		0.000688868
30.32		0.00068582
30.33		0.000682785
30.34		0.000679764
30.35		0.000676756
30.36		0.000673762
30.37		0.00067078
30.38		0.000667813
30.39		0.000664858
30.4		0.000661916
30.41		0.000658988
30.42		0.000656073
30.43		0.00065317
30.44		0.000650281
30.45		0.000647404
30.46		0.00064454
30.47		0.000641689
30.48		0.00063885
30.49		0.000636024
30.5		0.000633211
30.51		0.00063041
30.52		0.000627622
30.53		0.000624846
30.54		0.000622082
30.55		0.000619331
30.56		0.000616592
30.57		0.000613865
30.58		0.00061115
30.59		0.000608447
30.6		0.000605757
30.61		0.000603078
30.62		0.000600411
30.63		0.000597756
30.64		0.000595113
30.65		0.000592482
30.66		0.000589862
30.67		0.000587254
30.68		0.000584658
30.69		0.000582073
30.7		0.000579499
30.71		0.000576937
30.72		0.000574387
30.73		0.000571848
30.74		0.00056932
30.75		0.000566803
30.76		0.000564298
30.77		0.000561804
30.78		0.00055932
30.79		0.000556848
30.8		0.000554387
30.81		0.000551937
30.82		0.000549498
30.83		0.000547069
30.84		0.000544652
30.85		0.000542245
30.86		0.000539849
30.87		0.000537463
30.88		0.000535088
30.89		0.000532724
30.9		0.00053037
30.91		0.000528027
30.92		0.000525694
30.93		0.000523372
30.94		0.00052106
30.95		0.000518758
30.96		0.000516466
30.97		0.000514185
30.98		0.000511914
30.99		0.000509653
31		0.000507402
31.01		0.000505161
31.02		0.00050293
31.03		0.000500709
31.04		0.000498498
31.05		0.000496296
31.06		0.000494105
31.07		0.000491923
31.08		0.000489751
31.09		0.000487588
31.1		0.000485436
31.11		0.000483293
31.12		0.000481159
31.13		0.000479035
31.14		0.00047692
31.15		0.000474815
31.16		0.000472719
31.17		0.000470633
31.18		0.000468555
31.19		0.000466488
31.2		0.000464429
31.21		0.000462379
31.22		0.000460339
31.23		0.000458308
31.24		0.000456285
31.25		0.000454272
31.26		0.000452268
31.27		0.000450272
31.28		0.000448286
31.29		0.000446308
31.3		0.00044434
31.31		0.00044238
31.32		0.000440428
31.33		0.000438486
31.34		0.000436552
31.35		0.000434627
31.36		0.00043271
31.37		0.000430802
31.38		0.000428902
31.39		0.000427011
31.4		0.000425129
31.41		0.000423254
31.42		0.000421388
31.43		0.000419531
31.44		0.000417681
31.45		0.00041584
31.46		0.000414008
31.47		0.000412183
31.48		0.000410366
31.49		0.000408558
31.5		0.000406758
31.51		0.000404965
31.52		0.000403181
31.53		0.000401405
31.54		0.000399636
31.55		0.000397876
31.56		0.000396123
31.57		0.000394378
31.58		0.000392641
31.59		0.000390912
31.6		0.00038919
31.61		0.000387476
31.62		0.00038577
31.63		0.000384072
31.64		0.000382381
31.65		0.000380697
31.66		0.000379021
31.67		0.000377353
31.68		0.000375692
31.69		0.000374038
31.7		0.000372392
31.71		0.000370753
31.72		0.000369122
31.73		0.000367497
31.74		0.00036588
31.75		0.000364271
31.76		0.000362668
31.77		0.000361073
31.78		0.000359485
31.79		0.000357904
31.8		0.00035633
31.81		0.000354763
31.82		0.000353203
31.83		0.00035165
31.84		0.000350103
31.85		0.000348564
31.86		0.000347032
31.87		0.000345507
31.88		0.000343988
31.89		0.000342476
31.9		0.000340971
31.91		0.000339473
31.92		0.000337981
31.93		0.000336496
31.94		0.000335018
31.95		0.000333547
31.96		0.000332082
31.97		0.000330623
31.98		0.000329171
31.99		0.000327726
32		0.000326287
32.01		0.000324854
32.02		0.000323428
32.03		0.000322008
32.04		0.000320595
32.05		0.000319188
32.06		0.000317787
32.07		0.000316393
32.08		0.000315005
32.09		0.000313623
32.1		0.000312247
32.11		0.000310877
32.12		0.000309514
32.13		0.000308156
32.14		0.000306805
32.15		0.00030546
32.16		0.000304121
32.17		0.000302788
32.18		0.000301461
32.19		0.000300139
32.2		0.000298824
32.21		0.000297515
32.22		0.000296211
32.23		0.000294914
32.24		0.000293622
32.25		0.000292336
32.26		0.000291055
32.27		0.000289781
32.28		0.000288512
32.29		0.000287249
32.3		0.000285992
32.31		0.00028474
32.32		0.000283494
32.33		0.000282253
32.34		0.000281018
32.35		0.000279789
32.36		0.000278565
32.37		0.000277347
32.38		0.000276134
32.39		0.000274927
32.4		0.000273725
32.41		0.000272528
32.42		0.000271337
32.43		0.000270151
32.44		0.00026897
32.45		0.000267795
32.46		0.000266625
32.47		0.000265461
32.48		0.000264301
32.49		0.000263147
32.5		0.000261998
32.51		0.000260854
32.52		0.000259716
32.53		0.000258582
32.54		0.000257454
32.55		0.000256331
32.56		0.000255212
32.57		0.000254099
32.58		0.000252991
32.59		0.000251888
32.6		0.00025079
32.61		0.000249696
32.62		0.000248608
32.63		0.000247525
32.64		0.000246446
32.65		0.000245373
32.66		0.000244304
32.67		0.00024324
32.68		0.000242181
32.69		0.000241126
32.7		0.000240077
32.71		0.000239032
32.72		0.000237992
32.73		0.000236956
32.74		0.000235925
32.75		0.000234899
32.76		0.000233878
32.77		0.000232861
32.78		0.000231849
32.79		0.000230841
32.8		0.000229838
32.81		0.000228839
32.82		0.000227845
32.83		0.000226856
32.84		0.000225871
32.85		0.00022489
32.86		0.000223914
32.87		0.000222942
32.88		0.000221975
32.89		0.000221012
32.9		0.000220053
32.91		0.000219099
32.92		0.000218149
32.93		0.000217204
32.94		0.000216262
32.95		0.000215325
32.96		0.000214393
32.97		0.000213464
32.98		0.00021254
32.99		0.00021162
33		0.000210704
33.01		0.000209792
33.02		0.000208884
33.03		0.000207981
33.04		0.000207081
33.05		0.000206186
33.06		0.000205295
33.07		0.000204408
33.08		0.000203525
33.09		0.000202646
33.1		0.00020177
33.11		0.000200899
33.12		0.000200032
33.13		0.000199169
33.14		0.00019831
33.15		0.000197454
33.16		0.000196603
33.17		0.000195755
33.18		0.000194912
33.19		0.000194072
33.2		0.000193236
33.21		0.000192404
33.22		0.000191575
33.23		0.000190751
33.24		0.00018993
33.25		0.000189113
33.26		0.000188299
33.27		0.00018749
33.28		0.000186684
33.29		0.000185882
33.3		0.000185083
33.31		0.000184288
33.32		0.000183497
33.33		0.000182709
33.34		0.000181925
33.35		0.000181145
33.36		0.000180368
33.37		0.000179595
33.38		0.000178825
33.39		0.000178059
33.4		0.000177296
33.41		0.000176537
33.42		0.000175781
33.43		0.000175029
33.44		0.00017428
33.45		0.000173535
33.46		0.000172793
33.47		0.000172054
33.48		0.000171319
33.49		0.000170588
33.5		0.000169859
33.51		0.000169134
33.52		0.000168413
33.53		0.000167694
33.54		0.000166979
33.55		0.000166268
33.56		0.000165559
33.57		0.000164854
33.58		0.000164152
33.59		0.000163454
33.6		0.000162758
33.61		0.000162066
33.62		0.000161377
33.63		0.000160691
33.64		0.000160009
33.65		0.000159329
33.66		0.000158653
33.67		0.00015798
33.68		0.00015731
33.69		0.000156643
33.7		0.000155979
33.71		0.000155318
33.72		0.00015466
33.73		0.000154006
33.74		0.000153354
33.75		0.000152705
33.76		0.00015206
33.77		0.000151417
33.78		0.000150778
33.79		0.000150141
33.8		0.000149508
33.81		0.000148877
33.82		0.000148249
33.83		0.000147624
33.84		0.000147002
33.85		0.000146383
33.86		0.000145767
33.87		0.000145154
33.88		0.000144544
33.89		0.000143936
33.9		0.000143332
33.91		0.00014273
33.92		0.000142131
33.93		0.000141535
33.94		0.000140941
33.95		0.000140351
33.96		0.000139763
33.97		0.000139178
33.98		0.000138596
33.99		0.000138016
34		0.000137439
34.01		0.000136865
34.02		0.000136294
34.03		0.000135725
34.04		0.000135159
34.05		0.000134595
34.06		0.000134035
34.07		0.000133477
34.08		0.000132921
34.09		0.000132368
34.1		0.000131818
34.11		0.00013127
34.12		0.000130725
34.13		0.000130183
34.14		0.000129643
34.15		0.000129106
34.16		0.000128571
34.17		0.000128039
34.18		0.000127509
34.19		0.000126982
34.2		0.000126458
34.21		0.000125935
34.22		0.000125416
34.23		0.000124899
34.24		0.000124384
34.25		0.000123872
34.26		0.000123362
34.27		0.000122854
34.28		0.00012235
34.29		0.000121847
34.3		0.000121347
34.31		0.000120849
34.32		0.000120354
34.33		0.000119861
34.34		0.00011937
34.35		0.000118882
34.36		0.000118396
34.37		0.000117913
34.38		0.000117431
34.39		0.000116953
34.4		0.000116476
34.41		0.000116002
34.42		0.00011553
34.43		0.00011506
34.44		0.000114593
34.45		0.000114127
34.46		0.000113665
34.47		0.000113204
34.48		0.000112745
34.49		0.000112289
34.5		0.000111835
34.51		0.000111384
34.52		0.000110934
34.53		0.000110487
34.54		0.000110041
34.55		0.000109598
34.56		0.000109157
34.57		0.000108719
34.58		0.000108282
34.59		0.000107848
34.6		0.000107416
34.61		0.000106985
34.62		0.000106557
34.63		0.000106131
34.64		0.000105708
34.65		0.000105286
34.66		0.000104866
34.67		0.000104449
34.68		0.000104033
34.69		0.00010362
34.7		0.000103208
34.71		0.000102799
34.72		0.000102391
34.73		0.000101986
34.74		0.000101583
34.75		0.000101181
34.76		0.000100782
34.77		0.000100385
34.78		9.99893e-05
34.79		9.95959e-05
34.8		9.92045e-05
34.81		9.88151e-05
34.82		9.84276e-05
34.83		9.8042e-05
34.84		9.76584e-05
34.85		9.72768e-05
34.86		9.6897e-05
34.87		9.65191e-05
34.88		9.61432e-05
34.89		9.57692e-05
34.9		9.5397e-05
34.91		9.50268e-05
34.92		9.46584e-05
34.93		9.42919e-05
34.94		9.39272e-05
34.95		9.35644e-05
34.96		9.32035e-05
34.97		9.28444e-05
34.98		9.24871e-05
34.99		9.21316e-05
35		9.1778e-05
35.01		9.14262e-05
35.02		9.10762e-05
35.03		9.0728e-05
35.04		9.03816e-05
35.05		9.0037e-05
35.06		8.96941e-05
35.07		8.9353e-05
35.08		8.90137e-05
35.09		8.86762e-05
35.1		8.83404e-05
35.11		8.80063e-05
35.12		8.7674e-05
35.13		8.73434e-05
35.14		8.70146e-05
35.15		8.66874e-05
35.16		8.6362e-05
35.17		8.60383e-05
35.18		8.57162e-05
35.19		8.53959e-05
35.2		8.50773e-05
35.21		8.47603e-05
35.22		8.4445e-05
35.23		8.41314e-05
35.24		8.38195e-05
35.25		8.35092e-05
35.26		8.32005e-05
35.27		8.28935e-05
35.28		8.25881e-05
35.29		8.22844e-05
35.3		8.19823e-05
35.31		8.16818e-05
35.32		8.13829e-05
35.33		8.10857e-05
35.34		8.079e-05
35.35		8.04959e-05
35.36		8.02035e-05
35.37		7.99126e-05
35.38		7.96232e-05
35.39		7.93355e-05
35.4		7.90493e-05
35.41		7.87647e-05
35.42		7.84816e-05
35.43		7.82001e-05
35.44		7.79202e-05
35.45		7.76418e-05
35.46		7.73649e-05
35.47		7.70895e-05
35.48		7.68157e-05
35.49		7.65434e-05
35.5		7.62725e-05
35.51		7.60032e-05
35.52		7.57354e-05
35.53		7.54691e-05
35.54		7.52043e-05
35.55		7.4941e-05
35.56		7.46792e-05
35.57		7.44188e-05
35.58		7.41599e-05
35.59		7.39025e-05
35.6		7.36465e-05
35.61		7.3392e-05
35.62		7.31389e-05
35.63		7.28873e-05
35.64		7.26371e-05
35.65		7.23883e-05
35.66		7.2141e-05
35.67		7.18951e-05
35.68		7.16506e-05
35.69		7.14076e-05
35.7		7.11659e-05
35.71		7.09257e-05
35.72		7.06869e-05
35.73		7.04494e-05
35.74		7.02134e-05
35.75		6.99787e-05
35.76		6.97454e-05
35.77		6.95135e-05
35.78		6.9283e-05
35.79		6.90538e-05
35.8		6.8826e-05
35.81		6.85996e-05
35.82		6.83745e-05
35.83		6.81508e-05
35.84		6.79284e-05
35.85		6.77074e-05
35.86		6.74876e-05
35.87		6.72693e-05
35.88		6.70522e-05
35.89		6.68365e-05
35.9		6.66221e-05
35.91		6.6409e-05
35.92		6.61973e-05
35.93		6.59868e-05
35.94		6.57777e-05
35.95		6.55698e-05
35.96		6.53632e-05
35.97		6.5158e-05
35.98		6.4954e-05
35.99		6.47513e-05
36		6.45499e-05
36.01		6.43497e-05
36.02		6.41508e-05
36.03		6.39532e-05
36.04		6.37569e-05
36.05		6.35618e-05
36.06		6.3368e-05
36.07		6.31754e-05
36.08		6.29841e-05
36.09		6.2794e-05
36.1		6.26051e-05
36.11		6.24175e-05
36.12		6.22312e-05
36.13		6.2046e-05
36.14		6.18621e-05
36.15		6.16794e-05
36.16		6.14979e-05
36.17		6.13177e-05
36.18		6.11386e-05
36.19		6.09608e-05
36.2		6.07841e-05
36.21		6.06087e-05
36.22		6.04345e-05
36.23		6.02614e-05
36.24		6.00896e-05
36.25		5.99189e-05
36.26		5.97494e-05
36.27		5.95811e-05
36.28		5.9414e-05
36.29		5.9248e-05
36.3		5.90832e-05
36.31		5.89196e-05
36.32		5.87572e-05
36.33		5.85959e-05
36.34		5.84357e-05
36.35		5.82768e-05
36.36		5.81189e-05
36.37		5.79623e-05
36.38		5.78067e-05
36.39		5.76523e-05
36.4		5.74991e-05
36.41		5.7347e-05
36.42		5.7196e-05
36.43		5.70461e-05
36.44		5.68974e-05
36.45		5.67498e-05
36.46		5.66033e-05
36.47		5.6458e-05
36.48		5.63137e-05
36.49		5.61706e-05
36.5		5.60286e-05
36.51		5.58876e-05
36.52		5.57478e-05
36.53		5.56091e-05
36.54		5.54715e-05
36.55		5.5335e-05
36.56		5.51996e-05
36.57		5.50652e-05
36.58		5.4932e-05
36.59		5.47998e-05
36.6		5.46687e-05
36.61		5.45387e-05
36.62		5.44098e-05
36.63		5.4282e-05
36.64		5.41552e-05
36.65		5.40295e-05
36.66		5.39049e-05
36.67		5.37813e-05
36.68		5.36588e-05
36.69		5.35373e-05
36.7		5.34169e-05
36.71		5.32976e-05
36.72		5.31793e-05
36.73		5.30621e-05
36.74		5.29459e-05
36.75		5.28308e-05
36.76		5.27167e-05
36.77		5.26036e-05
36.78		5.24916e-05
36.79		5.23806e-05
36.8		5.22707e-05
36.81		5.21618e-05
36.82		5.20539e-05
36.83		5.19471e-05
36.84		5.18413e-05
36.85		5.17365e-05
36.86		5.16327e-05
36.87		5.15299e-05
36.88		5.14282e-05
36.89		5.13275e-05
36.9		5.12278e-05
36.91		5.11291e-05
36.92		5.10314e-05
36.93		5.09347e-05
36.94		5.0839e-05
36.95		5.07444e-05
36.96		5.06507e-05
36.97		5.0558e-05
36.98		5.04664e-05
36.99		5.03757e-05
37		5.0286e-05
37.01		5.01974e-05
37.02		5.01097e-05
37.03		5.0023e-05
37.04		4.99373e-05
37.05		4.98525e-05
37.06		4.97688e-05
37.07		4.96861e-05
37.08		4.96043e-05
37.09		4.95235e-05
37.1		4.94437e-05
37.11		4.93648e-05
37.12		4.9287e-05
37.13		4.92101e-05
37.14		4.91342e-05
37.15		4.90592e-05
37.16		4.89853e-05
37.17		4.89122e-05
37.18		4.88402e-05
37.19		4.87691e-05
37.2		4.8699e-05
37.21		4.86299e-05
37.22		4.85617e-05
37.23		4.84944e-05
37.24		4.84282e-05
37.25		4.83629e-05
37.26		4.82985e-05
37.27		4.82351e-05
37.28		4.81726e-05
37.29		4.81111e-05
37.3		4.80506e-05
37.31		4.7991e-05
37.32		4.79323e-05
37.33		4.78746e-05
37.34		4.78179e-05
37.35		4.7762e-05
37.36		4.77072e-05
37.37		4.76532e-05
37.38		4.76003e-05
37.39		4.75482e-05
37.4		4.74971e-05
37.41		4.74469e-05
37.42		4.73977e-05
37.43		4.73494e-05
37.44		4.7302e-05
37.45		4.72556e-05
37.46		4.72101e-05
37.47		4.71656e-05
37.48		4.71219e-05
37.49		4.70792e-05
37.5		4.70375e-05
37.51		4.69966e-05
37.52		4.69567e-05
37.53		4.69178e-05
37.54		4.68797e-05
37.55		4.68426e-05
37.56		4.68064e-05
37.57		4.67711e-05
37.58		4.67367e-05
37.59		4.67033e-05
37.6		4.66708e-05
37.61		4.66392e-05
37.62		4.66085e-05
37.63		4.65788e-05
37.64		4.655e-05
37.65		4.65221e-05
37.66		4.64951e-05
37.67		4.6469e-05
37.68		4.64439e-05
37.69		4.64197e-05
37.7		4.63963e-05
37.71		4.63739e-05
37.72		4.63525e-05
37.73		4.63319e-05
37.74		4.63123e-05
37.75		4.62935e-05
37.76		4.62757e-05
37.77		4.62588e-05
37.78		4.62428e-05
37.79		4.62277e-05
37.8		4.62136e-05
37.81		4.62003e-05
37.82		4.6188e-05
37.83		4.61765e-05
37.84		4.6166e-05
37.85		4.61564e-05
37.86		4.61477e-05
37.87		4.614e-05
37.88		4.61331e-05
37.89		4.61271e-05
37.9		4.61221e-05
37.91		4.6118e-05
37.92		4.61147e-05
37.93		4.61124e-05
37.94		4.6111e-05
37.95		4.61106e-05
37.96		4.6111e-05
37.97		4.61123e-05
37.98		4.61146e-05
37.99		4.61177e-05
38		4.61218e-05
38.01		4.61268e-05
38.02		4.61326e-05
38.03		4.61394e-05
38.04		4.61472e-05
38.05		4.61558e-05
38.06		4.61653e-05
38.07		4.61758e-05
38.08		4.61871e-05
38.09		4.61994e-05
38.1		4.62126e-05
38.11		4.62267e-05
38.12		4.62417e-05
38.13		4.62576e-05
38.14		4.62745e-05
38.15		4.62922e-05
38.16		4.63109e-05
38.17		4.63305e-05
38.18		4.6351e-05
38.19		4.63724e-05
38.2		4.63947e-05
38.21		4.6418e-05
38.22		4.64421e-05
38.23		4.64672e-05
38.24		4.64932e-05
38.25		4.65201e-05
38.26		4.6548e-05
38.27		4.65767e-05
38.28		4.66064e-05
38.29		4.6637e-05
38.3		4.66685e-05
38.31		4.6701e-05
38.32		4.67343e-05
38.33		4.67686e-05
38.34		4.68038e-05
38.35		4.684e-05
38.36		4.6877e-05
38.37		4.6915e-05
38.38		4.69539e-05
38.39		4.69938e-05
38.4		4.70346e-05
38.41		4.70763e-05
38.42		4.71189e-05
38.43		4.71624e-05
38.44		4.72069e-05
38.45		4.72524e-05
38.46		4.72987e-05
38.47		4.7346e-05
38.48		4.73942e-05
38.49		4.74434e-05
38.5		4.74935e-05
38.51		4.75446e-05
38.52		4.75965e-05
38.53		4.76495e-05
38.54		4.77033e-05
38.55		4.77581e-05
38.56		4.78139e-05
38.57		4.78706e-05
38.58		4.79282e-05
38.59		4.79868e-05
38.6		4.80463e-05
38.61		4.81068e-05
38.62		4.81682e-05
38.63		4.82306e-05
38.64		4.8294e-05
38.65		4.83583e-05
38.66		4.84235e-05
38.67		4.84897e-05
38.68		4.85569e-05
38.69		4.8625e-05
38.7		4.86941e-05
38.71		4.87641e-05
38.72		4.88351e-05
38.73		4.89071e-05
38.74		4.898e-05
38.75		4.9054e-05
38.76		4.91288e-05
38.77		4.92047e-05
38.78		4.92815e-05
38.79		4.93593e-05
38.8		4.94381e-05
38.81		4.95178e-05
38.82		4.95985e-05
38.83		4.96802e-05
38.84		4.97629e-05
38.85		4.98466e-05
38.86		4.99312e-05
38.87		5.00169e-05
38.88		5.01035e-05
38.89		5.01911e-05
38.9		5.02797e-05
38.91		5.03693e-05
38.92		5.04599e-05
38.93		5.05515e-05
38.94		5.06441e-05
38.95		5.07377e-05
38.96		5.08323e-05
38.97		5.09279e-05
38.98		5.10245e-05
38.99		5.11221e-05
39		5.12207e-05
39.01		5.13204e-05
39.02		5.1421e-05
39.03		5.15227e-05
39.04		5.16254e-05
39.05		5.17291e-05
39.06		5.18338e-05
39.07		5.19395e-05
39.08		5.20463e-05
39.09		5.21541e-05
39.1		5.2263e-05
39.11		5.23728e-05
39.12		5.24837e-05
39.13		5.25957e-05
39.14		5.27086e-05
39.15		5.28227e-05
39.16		5.29377e-05
39.17		5.30538e-05
39.18		5.3171e-05
39.19		5.32892e-05
39.2		5.34085e-05
39.21		5.35288e-05
39.22		5.36501e-05
39.23		5.37726e-05
39.24		5.38961e-05
39.25		5.40206e-05
39.26		5.41463e-05
39.27		5.4273e-05
39.28		5.44007e-05
39.29		5.45296e-05
39.3		5.46595e-05
39.31		5.47905e-05
39.32		5.49226e-05
39.33		5.50557e-05
39.34		5.519e-05
39.35		5.53253e-05
39.36		5.54618e-05
39.37		5.55993e-05
39.38		5.5738e-05
39.39		5.58777e-05
39.4		5.60185e-05
39.41		5.61605e-05
39.42		5.63035e-05
39.43		5.64477e-05
39.44		5.6593e-05
39.45		5.67394e-05
39.46		5.68869e-05
39.47		5.70356e-05
39.48		5.71853e-05
39.49		5.73362e-05
39.5		5.74883e-05
39.51		5.76414e-05
39.52		5.77957e-05
39.53		5.79512e-05
39.54		5.81078e-05
39.55		5.82655e-05
39.56		5.84244e-05
39.57		5.85845e-05
39.58		5.87457e-05
39.59		5.89081e-05
39.6		5.90716e-05
39.61		5.92363e-05
39.62		5.94022e-05
39.63		5.95692e-05
39.64		5.97374e-05
39.65		5.99068e-05
39.66		6.00774e-05
39.67		6.02492e-05
39.68		6.04221e-05
39.69		6.05963e-05
39.7		6.07717e-05
39.71		6.09482e-05
39.72		6.1126e-05
39.73		6.13049e-05
39.74		6.14851e-05
39.75		6.16665e-05
39.76		6.18491e-05
39.77		6.20329e-05
39.78		6.2218e-05
39.79		6.24043e-05
39.8		6.25918e-05
39.81		6.27806e-05
39.82		6.29705e-05
39.83		6.31618e-05
39.84		6.33543e-05
39.85		6.3548e-05
39.86		6.3743e-05
39.87		6.39393e-05
39.88		6.41368e-05
39.89		6.43356e-05
39.9		6.45356e-05
39.91		6.4737e-05
39.92		6.49396e-05
39.93		6.51435e-05
39.94		6.53486e-05
39.95		6.55551e-05
39.96		6.57629e-05
39.97		6.59719e-05
39.98		6.61823e-05
39.99		6.6394e-05
40		6.6607e-05
40.01		6.68073e-05
40.02		6.69956e-05
40.03		6.71835e-05
40.04		6.7371e-05
40.05		6.75581e-05
40.06		6.77449e-05
40.07		6.79312e-05
40.08		6.81171e-05
40.09		6.83026e-05
40.1		6.84877e-05
40.11		6.86724e-05
40.12		6.88567e-05
40.13		6.90406e-05
40.14		6.92241e-05
40.15		6.94071e-05
40.16		6.95898e-05
40.17		6.97721e-05
40.18		6.99539e-05
40.19		7.01353e-05
40.2		7.03163e-05
40.21		7.04969e-05
40.22		7.06771e-05
40.23		7.08568e-05
40.24		7.10362e-05
40.25		7.12151e-05
40.26		7.13936e-05
40.27		7.15717e-05
40.28		7.17493e-05
40.29		7.19265e-05
40.3		7.21033e-05
40.31		7.22797e-05
40.32		7.24556e-05
40.33		7.26312e-05
40.34		7.28062e-05
40.35		7.29809e-05
40.36		7.31551e-05
40.37		7.33289e-05
40.38		7.35023e-05
40.39		7.36752e-05
40.4		7.38477e-05
40.41		7.40197e-05
40.42		7.41913e-05
40.43		7.43625e-05
40.44		7.45332e-05
40.45		7.47035e-05
40.46		7.48734e-05
40.47		7.50428e-05
40.48		7.52117e-05
40.49		7.53803e-05
40.5		7.55483e-05
40.51		7.5716e-05
40.52		7.58831e-05
40.53		7.60499e-05
40.54		7.62161e-05
40.55		7.6382e-05
40.56		7.65473e-05
40.57		7.67122e-05
40.58		7.68767e-05
40.59		7.70407e-05
40.6		7.72043e-05
40.61		7.73674e-05
40.62		7.753e-05
40.63		7.76922e-05
40.64		7.78539e-05
40.65		7.80152e-05
40.66		7.8176e-05
40.67		7.83363e-05
40.68		7.84962e-05
40.69		7.86556e-05
40.7		7.88145e-05
40.71		7.8973e-05
40.72		7.9131e-05
40.73		7.92886e-05
40.74		7.94456e-05
40.75		7.96022e-05
40.76		7.97584e-05
40.77		7.9914e-05
40.78		8.00692e-05
40.79		8.02239e-05
40.8		8.03782e-05
40.81		8.05319e-05
40.82		8.06852e-05
40.83		8.0838e-05
40.84		8.09904e-05
40.85		8.11422e-05
40.86		8.12936e-05
40.87		8.14445e-05
40.88		8.15949e-05
40.89		8.17448e-05
40.9		8.18943e-05
40.91		8.20432e-05
40.92		8.21917e-05
40.93		8.23397e-05
40.94		8.24872e-05
40.95		8.26342e-05
40.96		8.27807e-05
40.97		8.29267e-05
40.98		8.30723e-05
40.99		8.32173e-05
41		8.33619e-05
41.01		8.35059e-05
41.02		8.36495e-05
41.03		8.37926e-05
41.04		8.39351e-05
41.05		8.40772e-05
41.06		8.42188e-05
41.07		8.43599e-05
41.08		8.45005e-05
41.09		8.46406e-05
41.1		8.47802e-05
41.11		8.49192e-05
41.12		8.50578e-05
41.13		8.51959e-05
41.14		8.53335e-05
41.15		8.54705e-05
41.16		8.56071e-05
41.17		8.57432e-05
41.18		8.58787e-05
41.19		8.60137e-05
41.2		8.61483e-05
41.21		8.62823e-05
41.22		8.64158e-05
41.23		8.65488e-05
41.24		8.66813e-05
41.25		8.68133e-05
41.26		8.69447e-05
41.27		8.70757e-05
41.28		8.72061e-05
41.29		8.7336e-05
41.3		8.74654e-05
41.31		8.75943e-05
41.32		8.77227e-05
41.33		8.78505e-05
41.34		8.79778e-05
41.35		8.81046e-05
41.36		8.82309e-05
41.37		8.83567e-05
41.38		8.84819e-05
41.39		8.86066e-05
41.4		8.87308e-05
41.41		8.88545e-05
41.42		8.89776e-05
41.43		8.91002e-05
41.44		8.92223e-05
41.45		8.93439e-05
41.46		8.94649e-05
41.47		8.95854e-05
41.48		8.97054e-05
41.49		8.98248e-05
41.5		8.99437e-05
41.51		9.00621e-05
41.52		9.01799e-05
41.53		9.02972e-05
41.54		9.0414e-05
41.55		9.05303e-05
41.56		9.0646e-05
41.57		9.07611e-05
41.58		9.08758e-05
41.59		9.09898e-05
41.6		9.11034e-05
41.61		9.12164e-05
41.62		9.13289e-05
41.63		9.14408e-05
41.64		9.15522e-05
41.65		9.16631e-05
41.66		9.17734e-05
41.67		9.18831e-05
41.68		9.19924e-05
41.69		9.2101e-05
41.7		9.22092e-05
41.71		9.23168e-05
41.72		9.24238e-05
41.73		9.25303e-05
41.74		9.26362e-05
41.75		9.27416e-05
41.76		9.28465e-05
41.77		9.29508e-05
41.78		9.30545e-05
41.79		9.31577e-05
41.8		9.32604e-05
41.81		9.33625e-05
41.82		9.3464e-05
41.83		9.3565e-05
41.84		9.36654e-05
41.85		9.37653e-05
41.86		9.38647e-05
41.87		9.39634e-05
41.88		9.40616e-05
41.89		9.41593e-05
41.9		9.42564e-05
41.91		9.4353e-05
41.92		9.44489e-05
41.93		9.45444e-05
41.94		9.46392e-05
41.95		9.47335e-05
41.96		9.48273e-05
41.97		9.49205e-05
41.98		9.50131e-05
41.99		9.51052e-05
42		9.51967e-05
42.01		9.52876e-05
42.02		9.5378e-05
42.03		9.54678e-05
42.04		9.5557e-05
42.05		9.56457e-05
42.06		9.57338e-05
42.07		9.58214e-05
42.08		9.59083e-05
42.09		9.59947e-05
42.1		9.60806e-05
42.11		9.61659e-05
42.12		9.62506e-05
42.13		9.63347e-05
42.14		9.64183e-05
42.15		9.65013e-05
42.16		9.65837e-05
42.17		9.66655e-05
42.18		9.67468e-05
42.19		9.68275e-05
42.2		9.69077e-05
42.21		9.69872e-05
42.22		9.70662e-05
42.23		9.71446e-05
42.24		9.72225e-05
42.25		9.72997e-05
42.26		9.73764e-05
42.27		9.74525e-05
42.28		9.75281e-05
42.29		9.7603e-05
42.3		9.76774e-05
42.31		9.77512e-05
42.32		9.78244e-05
42.33		9.78971e-05
42.34		9.79691e-05
42.35		9.80406e-05
42.36		9.81115e-05
42.37		9.81819e-05
42.38		9.82516e-05
42.39		9.83208e-05
42.4		9.83893e-05
42.41		9.84573e-05
42.42		9.85248e-05
42.43		9.85916e-05
42.44		9.86578e-05
42.45		9.87235e-05
42.46		9.87886e-05
42.47		9.88531e-05
42.48		9.8917e-05
42.49		9.89803e-05
42.5		9.90431e-05
42.51		9.91052e-05
42.52		9.91668e-05
42.53		9.92278e-05
42.54		9.92882e-05
42.55		9.9348e-05
42.56		9.94072e-05
42.57		9.94658e-05
42.58		9.95239e-05
42.59		9.95813e-05
42.6		9.96382e-05
42.61		9.96945e-05
42.62		9.97501e-05
42.63		9.98052e-05
42.64		9.98597e-05
42.65		9.99137e-05
42.66		9.9967e-05
42.67		0.00010002
42.68		0.000100072
42.69		0.000100123
42.7		0.000100174
42.71		0.000100225
42.72		0.000100274
42.73		0.000100324
42.74		0.000100372
42.75		0.00010042
42.76		0.000100468
42.77		0.000100514
42.78		0.000100561
42.79		0.000100606
42.8		0.000100651
42.81		0.000100696
42.82		0.000100739
42.83		0.000100783
42.84		0.000100825
42.85		0.000100867
42.86		0.000100909
42.87		0.00010095
42.88		0.00010099
42.89		0.00010103
42.9		0.000101069
42.91		0.000101107
42.92		0.000101145
42.93		0.000101182
42.94		0.000101219
42.95		0.000101255
42.96		0.00010129
42.97		0.000101325
42.98		0.000101359
42.99		0.000101393
43		0.000101426
43.01		0.000101459
43.02		0.00010149
43.03		0.000101522
43.04		0.000101552
43.05		0.000101582
43.06		0.000101612
43.07		0.000101641
43.08		0.000101669
43.09		0.000101697
43.1		0.000101724
43.11		0.00010175
43.12		0.000101776
43.13		0.000101801
43.14		0.000101826
43.15		0.00010185
43.16		0.000101873
43.17		0.000101896
43.18		0.000101918
43.19		0.00010194
43.2		0.000101961
43.21		0.000101981
43.22		0.000102001
43.23		0.00010202
43.24		0.000102039
43.25		0.000102057
43.26		0.000102074
43.27		0.000102091
43.28		0.000102107
43.29		0.000102123
43.3		0.000102138
43.31		0.000102152
43.32		0.000102166
43.33		0.000102179
43.34		0.000102192
43.35		0.000102204
43.36		0.000102215
43.37		0.000102226
43.38		0.000102236
43.39		0.000102246
43.4		0.000102254
43.41		0.000102263
43.42		0.000102271
43.43		0.000102278
43.44		0.000102284
43.45		0.00010229
43.46		0.000102295
43.47		0.0001023
43.48		0.000102304
43.49		0.000102308
43.5		0.000102311
43.51		0.000102313
43.52		0.000102315
43.53		0.000102316
43.54		0.000102316
43.55		0.000102316
43.56		0.000102315
43.57		0.000102314
43.58		0.000102312
43.59		0.000102309
43.6		0.000102306
43.61		0.000102302
43.62		0.000102298
43.63		0.000102293
43.64		0.000102287
43.65		0.000102281
43.66		0.000102274
43.67		0.000102267
43.68		0.000102259
43.69		0.00010225
43.7		0.000102241
43.71		0.000102231
43.72		0.000102221
43.73		0.00010221
43.74		0.000102198
43.75		0.000102186
43.76		0.000102173
43.77		0.00010216
43.78		0.000102145
43.79		0.000102131
43.8		0.000102116
43.81		0.0001021
43.82		0.000102083
43.83		0.000102066
43.84		0.000102048
43.85		0.00010203
43.86		0.000102011
43.87		0.000101992
43.88		0.000101972
43.89		0.000101951
43.9		0.00010193
43.91		0.000101908
43.92		0.000101885
43.93		0.000101862
43.94		0.000101838
43.95		0.000101814
43.96		0.000101789
43.97		0.000101764
43.98		0.000101737
43.99		0.000101711
44		0.000101683
44.01		0.000101655
44.02		0.000101627
44.03		0.000101598
44.04		0.000101568
44.05		0.000101538
44.06		0.000101507
44.07		0.000101475
44.08		0.000101443
44.09		0.00010141
44.1		0.000101377
44.11		0.000101343
44.12		0.000101308
44.13		0.000101273
44.14		0.000101238
44.15		0.000101201
44.16		0.000101164
44.17		0.000101127
44.18		0.000101089
44.19		0.00010105
44.2		0.000101011
44.21		0.000100971
44.22		0.00010093
44.23		0.000100889
44.24		0.000100847
44.25		0.000100805
44.26		0.000100762
44.27		0.000100719
44.28		0.000100674
44.29		0.00010063
44.3		0.000100584
44.31		0.000100539
44.32		0.000100492
44.33		0.000100445
44.34		0.000100397
44.35		0.000100349
44.36		0.0001003
44.37		0.000100251
44.38		0.000100201
44.39		0.00010015
44.4		0.000100099
44.41		0.000100047
44.42		9.99945e-05
44.43		9.99415e-05
44.44		9.98878e-05
44.45		9.98336e-05
44.46		9.97789e-05
44.47		9.97235e-05
44.48		9.96675e-05
44.49		9.9611e-05
44.5		9.95538e-05
44.51		9.94961e-05
44.52		9.94377e-05
44.53		9.93788e-05
44.54		9.93193e-05
44.55		9.92592e-05
44.56		9.91986e-05
44.57		9.91373e-05
44.58		9.90755e-05
44.59		9.9013e-05
44.6		9.895e-05
44.61		9.88864e-05
44.62		9.88222e-05
44.63		9.87574e-05
44.64		9.86921e-05
44.65		9.86261e-05
44.66		9.85596e-05
44.67		9.84925e-05
44.68		9.84248e-05
44.69		9.83565e-05
44.7		9.82876e-05
44.71		9.82182e-05
44.72		9.81482e-05
44.73		9.80776e-05
44.74		9.80064e-05
44.75		9.79346e-05
44.76		9.78623e-05
44.77		9.77893e-05
44.78		9.77158e-05
44.79		9.76418e-05
44.8		9.75671e-05
44.81		9.74919e-05
44.82		9.74161e-05
44.83		9.73397e-05
44.84		9.72627e-05
44.85		9.71852e-05
44.86		9.71071e-05
44.87		9.70284e-05
44.88		9.69491e-05
44.89		9.68693e-05
44.9		9.67889e-05
44.91		9.67079e-05
44.92		9.66263e-05
44.93		9.65442e-05
44.94		9.64615e-05
44.95		9.63782e-05
44.96		9.62944e-05
44.97		9.621e-05
44.98		9.6125e-05
44.99		9.60395e-05
45		9.59533e-05
45.01		9.58667e-05
45.02		9.57794e-05
45.03		9.56916e-05
45.04		9.56032e-05
45.05		9.55143e-05
45.06		9.54247e-05
45.07		9.53347e-05
45.08		9.5244e-05
45.09		9.51528e-05
45.1		9.5061e-05
45.11		9.49687e-05
45.12		9.48758e-05
45.13		9.47824e-05
45.14		9.46883e-05
45.15		9.45938e-05
45.16		9.44986e-05
45.17		9.44029e-05
45.18		9.43067e-05
45.19		9.42099e-05
45.2		9.41125e-05
45.21		9.40146e-05
45.22		9.39161e-05
45.23		9.3817e-05
45.24		9.37175e-05
45.25		9.36173e-05
45.26		9.35166e-05
45.27		9.34153e-05
45.28		9.33135e-05
45.29		9.32112e-05
45.3		9.31083e-05
45.31		9.30048e-05
45.32		9.29008e-05
45.33		9.27962e-05
45.34		9.26911e-05
45.35		9.25854e-05
45.36		9.24792e-05
45.37		9.23725e-05
45.38		9.22652e-05
45.39		9.21573e-05
45.4		9.20489e-05
45.41		9.194e-05
45.42		9.18305e-05
45.43		9.17205e-05
45.44		9.16099e-05
45.45		9.14988e-05
45.46		9.13872e-05
45.47		9.1275e-05
45.48		9.11622e-05
45.49		9.1049e-05
45.5		9.09351e-05
45.51		9.08208e-05
45.52		9.07059e-05
45.53		9.05905e-05
45.54		9.04745e-05
45.55		9.0358e-05
45.56		9.0241e-05
45.57		9.01234e-05
45.58		9.00053e-05
45.59		8.98867e-05
45.6		8.97676e-05
45.61		8.96479e-05
45.62		8.95276e-05
45.63		8.94069e-05
45.64		8.92856e-05
45.65		8.91638e-05
45.66		8.90415e-05
45.67		8.89186e-05
45.68		8.87952e-05
45.69		8.86713e-05
45.7		8.85468e-05
45.71		8.84219e-05
45.72		8.82964e-05
45.73		8.81704e-05
45.74		8.80438e-05
45.75		8.79168e-05
45.76		8.77892e-05
45.77		8.76611e-05
45.78		8.75325e-05
45.79		8.74034e-05
45.8		8.72737e-05
45.81		8.71436e-05
45.82		8.70129e-05
45.83		8.68817e-05
45.84		8.675e-05
45.85		8.66178e-05
45.86		8.6485e-05
45.87		8.63518e-05
45.88		8.6218e-05
45.89		8.60838e-05
45.9		8.5949e-05
45.91		8.58137e-05
45.92		8.56779e-05
45.93		8.55416e-05
45.94		8.54048e-05
45.95		8.52675e-05
45.96		8.51297e-05
45.97		8.49914e-05
45.98		8.48525e-05
45.99		8.47132e-05
46		8.45734e-05
46.01		8.44331e-05
46.02		8.42922e-05
46.03		8.41509e-05
46.04		8.40091e-05
46.05		8.38668e-05
46.06		8.3724e-05
46.07		8.35806e-05
46.08		8.34368e-05
46.09		8.32925e-05
46.1		8.31477e-05
46.11		8.30025e-05
46.12		8.28567e-05
46.13		8.27104e-05
46.14		8.25637e-05
46.15		8.24164e-05
46.16		8.22687e-05
46.17		8.21205e-05
46.18		8.19718e-05
46.19		8.18226e-05
46.2		8.16729e-05
46.21		8.15227e-05
46.22		8.13721e-05
46.23		8.1221e-05
46.24		8.10694e-05
46.25		8.09173e-05
46.26		8.07647e-05
46.27		8.06117e-05
46.28		8.04582e-05
46.29		8.03042e-05
46.3		8.01497e-05
46.31		7.99948e-05
46.32		7.98394e-05
46.33		7.96835e-05
46.34		7.95271e-05
46.35		7.93703e-05
46.36		7.9213e-05
46.37		7.90552e-05
46.38		7.8897e-05
46.39		7.87383e-05
46.4		7.85791e-05
46.41		7.84195e-05
46.42		7.82594e-05
46.43		7.80989e-05
46.44		7.79378e-05
46.45		7.77764e-05
46.46		7.76144e-05
46.47		7.7452e-05
46.48		7.72891e-05
46.49		7.71258e-05
46.5		7.69621e-05
46.51		7.67978e-05
46.52		7.66331e-05
46.53		7.6468e-05
46.54		7.63024e-05
46.55		7.61364e-05
46.56		7.59699e-05
46.57		7.58029e-05
46.58		7.56355e-05
46.59		7.54677e-05
46.6		7.52994e-05
46.61		7.51307e-05
46.62		7.49615e-05
46.63		7.47919e-05
46.64		7.46218e-05
46.65		7.44513e-05
46.66		7.42804e-05
46.67		7.4109e-05
46.68		7.39372e-05
46.69		7.37649e-05
46.7		7.35922e-05
46.71		7.34191e-05
46.72		7.32456e-05
46.73		7.30716e-05
46.74		7.28971e-05
46.75		7.27223e-05
46.76		7.2547e-05
46.77		7.23712e-05
46.78		7.21951e-05
46.79		7.20185e-05
46.8		7.18415e-05
46.81		7.16641e-05
46.82		7.14862e-05
46.83		7.1308e-05
46.84		7.11293e-05
46.85		7.09501e-05
46.86		7.07706e-05
46.87		7.05907e-05
46.88		7.04103e-05
46.89		7.02295e-05
46.9		7.00483e-05
46.91		6.98667e-05
46.92		6.96846e-05
46.93		6.95022e-05
46.94		6.93193e-05
46.95		6.91361e-05
46.96		6.89524e-05
46.97		6.87683e-05
46.98		6.85838e-05
46.99		6.83989e-05
47		6.82136e-05
47.01		6.80279e-05
47.02		6.78418e-05
47.03		6.76553e-05
47.04		6.74684e-05
47.05		6.72811e-05
47.06		6.70933e-05
47.07		6.69052e-05
47.08		6.67167e-05
47.09		6.65278e-05
47.1		6.63386e-05
47.11		6.61489e-05
47.12		6.59588e-05
47.13		6.57683e-05
47.14		6.55775e-05
47.15		6.53862e-05
47.16		6.51946e-05
47.17		6.50026e-05
47.18		6.48102e-05
47.19		6.46174e-05
47.2		6.44243e-05
47.21		6.42307e-05
47.22		6.40368e-05
47.23		6.38425e-05
47.24		6.36478e-05
47.25		6.34527e-05
47.26		6.32573e-05
47.27		6.30615e-05
47.28		6.28653e-05
47.29		6.26688e-05
47.3		6.24718e-05
47.31		6.22745e-05
47.32		6.20769e-05
47.33		6.18789e-05
47.34		6.16805e-05
47.35		6.14817e-05
47.36		6.12826e-05
47.37		6.10831e-05
47.38		6.08832e-05
47.39		6.0683e-05
47.4		6.04825e-05
47.41		6.02815e-05
47.42		6.00802e-05
47.43		5.98786e-05
47.44		5.96766e-05
47.45		5.94743e-05
47.46		5.92716e-05
47.47		5.90685e-05
47.48		5.88651e-05
47.49		5.86614e-05
47.5		5.84573e-05
47.51		5.82528e-05
47.52		5.80481e-05
47.53		5.78429e-05
47.54		5.76375e-05
47.55		5.74317e-05
47.56		5.72255e-05
47.57		5.7019e-05
47.58		5.68122e-05
47.59		5.6605e-05
47.6		5.63975e-05
47.61		5.61897e-05
47.62		5.59815e-05
47.63		5.5773e-05
47.64		5.55642e-05
47.65		5.53551e-05
47.66		5.51456e-05
47.67		5.49358e-05
47.68		5.47256e-05
47.69		5.45152e-05
47.7		5.43044e-05
47.71		5.40933e-05
47.72		5.38819e-05
47.73		5.36701e-05
47.74		5.34581e-05
47.75		5.32457e-05
47.76		5.3033e-05
47.77		5.282e-05
47.78		5.26067e-05
47.79		5.23931e-05
47.8		5.21791e-05
47.81		5.19649e-05
47.82		5.17503e-05
47.83		5.15355e-05
47.84		5.13203e-05
47.85		5.11048e-05
47.86		5.08891e-05
47.87		5.0673e-05
47.88		5.04566e-05
47.89		5.024e-05
47.9		5.0023e-05
47.91		4.98057e-05
47.92		4.95882e-05
47.93		4.93703e-05
47.94		4.91522e-05
47.95		4.89338e-05
47.96		4.8715e-05
47.97		4.8496e-05
47.98		4.82767e-05
47.99		4.80571e-05
48		4.78373e-05
48.01		4.76171e-05
48.02		4.73967e-05
48.03		4.7176e-05
48.04		4.6955e-05
48.05		4.67337e-05
48.06		4.65122e-05
48.07		4.62903e-05
48.08		4.60682e-05
48.09		4.58459e-05
48.1		4.56232e-05
48.11		4.54003e-05
48.12		4.51771e-05
48.13		4.49537e-05
48.14		4.473e-05
48.15		4.4506e-05
48.16		4.42818e-05
48.17		4.40573e-05
48.18		4.38325e-05
48.19		4.36075e-05
48.2		4.33822e-05
48.21		4.31567e-05
48.22		4.29309e-05
48.23		4.27048e-05
48.24		4.24785e-05
48.25		4.2252e-05
48.26		4.20252e-05
48.27		4.17981e-05
48.28		4.15708e-05
48.29		4.13433e-05
48.3		4.11155e-05
48.31		4.08875e-05
48.32		4.06592e-05
48.33		4.04307e-05
48.34		4.02019e-05
48.35		3.99729e-05
48.36		3.97437e-05
48.37		3.95142e-05
48.38		3.92845e-05
48.39		3.90546e-05
48.4		3.88244e-05
48.41		3.85941e-05
48.42		3.83634e-05
48.43		3.81326e-05
48.44		3.79015e-05
48.45		3.76702e-05
48.46		3.74387e-05
48.47		3.7207e-05
48.48		3.6975e-05
48.49		3.67428e-05
48.5		3.65104e-05
48.51		3.62778e-05
48.52		3.6045e-05
48.53		3.5812e-05
48.54		3.55787e-05
48.55		3.53453e-05
48.56		3.51116e-05
48.57		3.48777e-05
48.58		3.46436e-05
48.59		3.44093e-05
48.6		3.41748e-05
48.61		3.39401e-05
48.62		3.37052e-05
48.63		3.34701e-05
48.64		3.32349e-05
48.65		3.29994e-05
48.66		3.27637e-05
48.67		3.25278e-05
48.68		3.22917e-05
48.69		3.20555e-05
48.7		3.1819e-05
48.71		3.15824e-05
48.72		3.13455e-05
48.73		3.11085e-05
48.74		3.08713e-05
48.75		3.06339e-05
48.76		3.03964e-05
48.77		3.01586e-05
48.78		2.99207e-05
48.79		2.96826e-05
48.8		2.94443e-05
48.81		2.92059e-05
48.82		2.89673e-05
48.83		2.87285e-05
48.84		2.84895e-05
48.85		2.82504e-05
48.86		2.80111e-05
48.87		2.77716e-05
48.88		2.7532e-05
48.89		2.72922e-05
48.9		2.70523e-05
48.91		2.68122e-05
48.92		2.65719e-05
48.93		2.63315e-05
48.94		2.60909e-05
48.95		2.58501e-05
48.96		2.56092e-05
48.97		2.53682e-05
48.98		2.5127e-05
48.99		2.48857e-05
49		2.46442e-05
49.01		2.44025e-05
49.02		2.41608e-05
49.03		2.39188e-05
49.04		2.36768e-05
49.05		2.34346e-05
49.06		2.31922e-05
49.07		2.29498e-05
49.08		2.27071e-05
49.09		2.24644e-05
49.1		2.22215e-05
49.11		2.19785e-05
49.12		2.17354e-05
49.13		2.14921e-05
49.14		2.12487e-05
49.15		2.10052e-05
49.16		2.07615e-05
49.17		2.05177e-05
49.18		2.02738e-05
49.19		2.00298e-05
49.2		1.97857e-05
49.21		1.95414e-05
49.22		1.92971e-05
49.23		1.90526e-05
49.24		1.8808e-05
49.25		1.85633e-05
49.26		1.83185e-05
49.27		1.80736e-05
49.28		1.78285e-05
49.29		1.75834e-05
49.3		1.73382e-05
49.31		1.70928e-05
49.32		1.68474e-05
49.33		1.66018e-05
49.34		1.63562e-05
49.35		1.61105e-05
49.36		1.58646e-05
49.37		1.56187e-05
49.38		1.53727e-05
49.39		1.51266e-05
49.4		1.48804e-05
49.41		1.46341e-05
49.42		1.43877e-05
49.43		1.41413e-05
49.44		1.38947e-05
49.45		1.36481e-05
49.46		1.34014e-05
49.47		1.31546e-05
49.48		1.29077e-05
49.49		1.26608e-05
49.5		1.24138e-05
49.51		1.21667e-05
49.52		1.19196e-05
49.53		1.16723e-05
49.54		1.1425e-05
49.55		1.11777e-05
49.56		1.09302e-05
49.57		1.06827e-05
49.58		1.04352e-05
49.59		1.01875e-05
49.6		9.93986e-06
49.61		9.69212e-06
49.62		9.44432e-06
49.63		9.19647e-06
49.64		8.94856e-06
49.65		8.7006e-06
49.66		8.45259e-06
49.67		8.20452e-06
49.68		7.95641e-06
49.69		7.70825e-06
49.7		7.46005e-06
49.71		7.2118e-06
49.72		6.96351e-06
49.73		6.71518e-06
49.74		6.4668e-06
49.75		6.21839e-06
49.76		5.96995e-06
49.77		5.72146e-06
49.78		5.47295e-06
49.79		5.2244e-06
49.8		4.97582e-06
49.81		4.72721e-06
49.82		4.47857e-06
49.83		4.22991e-06
49.84		3.98122e-06
49.85		3.73251e-06
49.86		3.48377e-06
49.87		3.23502e-06
49.88		2.98625e-06
49.89		2.73745e-06
49.9		2.48865e-06
49.91		2.23982e-06
49.92		1.99099e-06
49.93		1.74214e-06
49.94		1.49328e-06
49.95		1.24442e-06
49.96		9.95541e-07
49.97		7.46661e-07
49.98		4.97776e-07
49.99		2.48889e-07
