0		1.56765e-08
0.01		3.13531e-08
0.02		4.703e-08
0.03		6.27075e-08
0.04		7.83855e-08
0.05		9.40645e-08
0.06		1.09744e-07
0.07		1.25425e-07
0.08		1.41108e-07
0.09		1.56792e-07
0.1		1.72477e-07
0.11		1.88164e-07
0.12		2.03853e-07
0.13		2.19545e-07
0.14		2.35238e-07
0.15		2.50934e-07
0.16		2.66633e-07
0.17		2.82335e-07
0.18		2.98039e-07
0.19		3.13746e-07
0.2		3.29457e-07
0.21		3.45171e-07
0.22		3.60889e-07
0.23		3.76611e-07
0.24		3.92336e-07
0.25		4.08066e-07
0.26		4.238e-07
0.27		4.39538e-07
0.28		4.55281e-07
0.29		4.71028e-07
0.3		4.86781e-07
0.31		5.02538e-07
0.32		5.18301e-07
0.33		5.34069e-07
0.34		5.49843e-07
0.35		5.65623e-07
0.36		5.81408e-07
0.37		5.97199e-07
0.38		6.12997e-07
0.39		6.28801e-07
0.4		6.44612e-07
0.41		6.60429e-07
0.42		6.76253e-07
0.43		6.92084e-07
0.44		7.07923e-07
0.45		7.23769e-07
0.46		7.39622e-07
0.47		7.55483e-07
0.48		7.71352e-07
0.49		7.87229e-07
0.5		8.03114e-07
0.51		8.19008e-07
0.52		8.3491e-07
0.53		8.50821e-07
0.54		8.66741e-07
0.55		8.82669e-07
0.56		8.98607e-07
0.57		9.14554e-07
0.58		9.30511e-07
0.59		9.46478e-07
0.6		9.62454e-07
0.61		9.7844e-07
0.62		9.94437e-07
0.63		1.01044e-06
0.64		1.02646e-06
0.65		1.04249e-06
0.66		1.05853e-06
0.67		1.07458e-06
0.68		1.09064e-06
0.69		1.10671e-06
0.7		1.1228e-06
0.71		1.13889e-06
0.72		1.155e-06
0.73		1.17112e-06
0.74		1.18725e-06
0.75		1.2034e-06
0.76		1.21955e-06
0.77		1.23572e-06
0.78		1.25191e-06
0.79		1.2681e-06
0.8		1.28431e-06
0.81		1.30053e-06
0.82		1.31677e-06
0.83		1.33302e-06
0.84		1.34928e-06
0.85		1.36556e-06
0.86		1.38185e-06
0.87		1.39815e-06
0.88		1.41448e-06
0.89		1.43081e-06
0.9		1.44716e-06
0.91		1.46353e-06
0.92		1.47991e-06
0.93		1.4963e-06
0.94		1.51271e-06
0.95		1.52914e-06
0.96		1.54558e-06
0.97		1.56204e-06
0.98		1.57852e-06
0.99		1.59501e-06
1		1.61152e-06
1.01		1.62805e-06
1.02		1.64459e-06
1.03		1.66115e-06
1.04		1.67772e-06
1.05		1.69432e-06
1.06		1.71093e-06
1.07		1.72756e-06
1.08		1.74421e-06
1.09		1.76087e-06
1.1		1.77756e-06
1.11		1.79426e-06
1.12		1.81098e-06
1.13		1.82772e-06
1.14		1.84448e-06
1.15		1.86126e-06
1.16		1.87806e-06
1.17		1.89488e-06
1.18		1.91172e-06
1.19		1.92857e-06
1.2		1.94545e-06
1.21		1.96235e-06
1.22		1.97927e-06
1.23		1.99621e-06
1.24		2.01316e-06
1.25		2.03015e-06
1.26		2.04715e-06
1.27		2.06417e-06
1.28		2.08121e-06
1.29		2.09828e-06
1.3		2.11537e-06
1.31		2.13248e-06
1.32		2.14961e-06
1.33		2.16677e-06
1.34		2.18394e-06
1.35		2.20114e-06
1.36		2.21837e-06
1.37		2.23561e-06
1.38		2.25288e-06
1.39		2.27018e-06
1.4		2.28749e-06
1.41		2.30483e-06
1.42		2.3222e-06
1.43		2.33959e-06
1.44		2.357e-06
1.45		2.37444e-06
1.46		2.3919e-06
1.47		2.40939e-06
1.48		2.4269e-06
1.49		2.44444e-06
1.5		2.462e-06
1.51		2.47959e-06
1.52		2.4972e-06
1.53		2.51484e-06
1.54		2.53251e-06
1.55		2.5502e-06
1.56		2.56792e-06
1.57		2.58567e-06
1.58		2.60344e-06
1.59		2.62125e-06
1.6		2.63907e-06
1.61		2.65693e-06
1.62		2.67481e-06
1.63		2.69272e-06
1.64		2.71066e-06
1.65		2.72863e-06
1.66		2.74663e-06
1.67		2.76465e-06
1.68		2.7827e-06
1.69		2.80079e-06
1.7		2.8189e-06
1.71		2.83704e-06
1.72		2.85521e-06
1.73		2.87341e-06
1.74		2.89164e-06
1.75		2.9099e-06
1.76		2.92819e-06
1.77		2.94651e-06
1.78		2.96486e-06
1.79		2.98324e-06
1.8		3.00166e-06
1.81		3.0201e-06
1.82		3.03858e-06
1.83		3.05709e-06
1.84		3.07563e-06
1.85		3.0942e-06
1.86		3.1128e-06
1.87		3.13144e-06
1.88		3.15011e-06
1.89		3.16881e-06
1.9		3.18755e-06
1.91		3.20632e-06
1.92		3.22512e-06
1.93		3.24395e-06
1.94		3.26282e-06
1.95		3.28173e-06
1.96		3.30066e-06
1.97		3.31964e-06
1.98		3.33864e-06
1.99		3.35768e-06
2		3.37676e-06
2.01		3.39587e-06
2.02		3.41502e-06
2.03		3.4342e-06
2.04		3.45342e-06
2.05		3.47267e-06
2.06		3.49196e-06
2.07		3.51129e-06
2.08		3.53065e-06
2.09		3.55005e-06
2.1		3.56949e-06
2.11		3.58896e-06
2.12		3.60848e-06
2.13		3.62802e-06
2.14		3.64761e-06
2.15		3.66724e-06
2.16		3.6869e-06
2.17		3.7066e-06
2.18		3.72634e-06
2.19		3.74612e-06
2.2		3.76594e-06
2.21		3.7858e-06
2.22		3.80569e-06
2.23		3.82563e-06
2.24		3.84561e-06
2.25		3.86562e-06
2.26		3.88568e-06
2.27		3.90578e-06
2.28		3.92592e-06
2.29		3.94609e-06
2.3		3.96632e-06
2.31		3.98658e-06
2.32		4.00688e-06
2.33		4.02722e-06
2.34		4.04761e-06
2.35		4.06804e-06
2.36		4.08851e-06
2.37		4.10902e-06
2.38		4.12958e-06
2.39		4.15018e-06
2.4		4.17082e-06
2.41		4.19151e-06
2.42		4.21224e-06
2.43		4.23301e-06
2.44		4.25383e-06
2.45		4.27469e-06
2.46		4.2956e-06
2.47		4.31655e-06
2.48		4.33755e-06
2.49		4.35859e-06
2.5		4.37968e-06
2.51		4.40081e-06
2.52		4.42199e-06
2.53		4.44322e-06
2.54		4.46449e-06
2.55		4.4858e-06
2.56		4.50717e-06
2.57		4.52858e-06
2.58		4.55004e-06
2.59		4.57155e-06
2.6		4.5931e-06
2.61		4.6147e-06
2.62		4.63635e-06
2.63		4.65805e-06
2.64		4.67979e-06
2.65		4.70159e-06
2.66		4.72343e-06
2.67		4.74533e-06
2.68		4.76727e-06
2.69		4.78926e-06
2.7		4.81131e-06
2.71		4.8334e-06
2.72		4.85554e-06
2.73		4.87773e-06
2.74		4.89998e-06
2.75		4.92227e-06
2.76		4.94462e-06
2.77		4.96702e-06
2.78		4.98947e-06
2.79		5.01197e-06
2.8		5.03453e-06
2.81		5.05713e-06
2.82		5.07979e-06
2.83		5.1025e-06
2.84		5.12527e-06
2.85		5.14809e-06
2.86		5.17096e-06
2.87		5.19389e-06
2.88		5.21687e-06
2.89		5.2399e-06
2.9		5.26299e-06
2.91		5.28614e-06
2.92		5.30934e-06
2.93		5.33259e-06
2.94		5.3559e-06
2.95		5.37927e-06
2.96		5.40269e-06
2.97		5.42617e-06
2.98		5.4497e-06
2.99		5.4733e-06
3		5.49695e-06
3.01		5.52065e-06
3.02		5.54442e-06
3.03		5.56824e-06
3.04		5.59212e-06
3.05		5.61605e-06
3.06		5.64005e-06
3.07		5.66411e-06
3.08		5.68822e-06
3.09		5.71239e-06
3.1		5.73663e-06
3.11		5.76092e-06
3.12		5.78527e-06
3.13		5.80968e-06
3.14		5.83416e-06
3.15		5.85869e-06
3.16		5.88329e-06
3.17		5.90794e-06
3.18		5.93266e-06
3.19		5.95744e-06
3.2		5.98229e-06
3.21		6.00719e-06
3.22		6.03216e-06
3.23		6.05719e-06
3.24		6.08228e-06
3.25		6.10744e-06
3.26		6.13266e-06
3.27		6.15794e-06
3.28		6.18329e-06
3.29		6.2087e-06
3.3		6.23418e-06
3.31		6.25972e-06
3.32		6.28533e-06
3.33		6.311e-06
3.34		6.33674e-06
3.35		6.36255e-06
3.36		6.38842e-06
3.37		6.41436e-06
3.38		6.44036e-06
3.39		6.46643e-06
3.4		6.49257e-06
3.41		6.51878e-06
3.42		6.54505e-06
3.43		6.57139e-06
3.44		6.59781e-06
3.45		6.62429e-06
3.46		6.65084e-06
3.47		6.67745e-06
3.48		6.70414e-06
3.49		6.7309e-06
3.5		6.75773e-06
3.51		6.78463e-06
3.52		6.8116e-06
3.53		6.83864e-06
3.54		6.86575e-06
3.55		6.89293e-06
3.56		6.92018e-06
3.57		6.94751e-06
3.58		6.97491e-06
3.59		7.00238e-06
3.6		7.02993e-06
3.61		7.05755e-06
3.62		7.08524e-06
3.63		7.113e-06
3.64		7.14084e-06
3.65		7.16876e-06
3.66		7.19675e-06
3.67		7.22481e-06
3.68		7.25295e-06
3.69		7.28116e-06
3.7		7.30945e-06
3.71		7.33782e-06
3.72		7.36626e-06
3.73		7.39478e-06
3.74		7.42338e-06
3.75		7.45205e-06
3.76		7.48081e-06
3.77		7.50964e-06
3.78		7.53854e-06
3.79		7.56753e-06
3.8		7.5966e-06
3.81		7.62574e-06
3.82		7.65497e-06
3.83		7.68427e-06
3.84		7.71365e-06
3.85		7.74312e-06
3.86		7.77266e-06
3.87		7.80229e-06
3.88		7.832e-06
3.89		7.86179e-06
3.9		7.89166e-06
3.91		7.92161e-06
3.92		7.95165e-06
3.93		7.98177e-06
3.94		8.01197e-06
3.95		8.04225e-06
3.96		8.07262e-06
3.97		8.10308e-06
3.98		8.13361e-06
3.99		8.16424e-06
4		8.19494e-06
4.01		8.22574e-06
4.02		8.25661e-06
4.03		8.28758e-06
4.04		8.31863e-06
4.05		8.34977e-06
4.06		8.38099e-06
4.07		8.4123e-06
4.08		8.4437e-06
4.09		8.47519e-06
4.1		8.50677e-06
4.11		8.53843e-06
4.12		8.57019e-06
4.13		8.60203e-06
4.14		8.63396e-06
4.15		8.66598e-06
4.16		8.6981e-06
4.17		8.7303e-06
4.18		8.7626e-06
4.19		8.79498e-06
4.2		8.82746e-06
4.21		8.86003e-06
4.22		8.89269e-06
4.23		8.92544e-06
4.24		8.95829e-06
4.25		8.99123e-06
4.26		9.02427e-06
4.27		9.0574e-06
4.28		9.09062e-06
4.29		9.12394e-06
4.3		9.15735e-06
4.31		9.19086e-06
4.32		9.22446e-06
4.33		9.25816e-06
4.34		9.29196e-06
4.35		9.32585e-06
4.36		9.35984e-06
4.37		9.39393e-06
4.38		9.42812e-06
4.39		9.4624e-06
4.4		9.49678e-06
4.41		9.53127e-06
4.42		9.56585e-06
4.43		9.60053e-06
4.44		9.63531e-06
4.45		9.67019e-06
4.46		9.70517e-06
4.47		9.74025e-06
4.48		9.77544e-06
4.49		9.81073e-06
4.5		9.84611e-06
4.51		9.88161e-06
4.52		9.9172e-06
4.53		9.9529e-06
4.54		9.9887e-06
4.55		1.00246e-05
4.56		1.00606e-05
4.57		1.00967e-05
4.58		1.01329e-05
4.59		1.01693e-05
4.6		1.02057e-05
4.61		1.02422e-05
4.62		1.02789e-05
4.63		1.03156e-05
4.64		1.03525e-05
4.65		1.03895e-05
4.66		1.04265e-05
4.67		1.04637e-05
4.68		1.0501e-05
4.69		1.05384e-05
4.7		1.05759e-05
4.71		1.06136e-05
4.72		1.06513e-05
4.73		1.06891e-05
4.74		1.07271e-05
4.75		1.07652e-05
4.76		1.08033e-05
4.77		1.08416e-05
4.78		1.088e-05
4.79		1.09186e-05
4.8		1.09572e-05
4.81		1.09959e-05
4.82		1.10348e-05
4.83		1.10738e-05
4.84		1.11129e-05
4.85		1.11521e-05
4.86		1.11914e-05
4.87		1.12308e-05
4.88		1.12704e-05
4.89		1.13101e-05
4.9		1.13499e-05
4.91		1.13898e-05
4.92		1.14298e-05
4.93		1.14699e-05
4.94		1.15102e-05
4.95		1.15506e-05
4.96		1.15911e-05
4.97		1.16317e-05
4.98		1.16725e-05
4.99		1.17134e-05
5		1.17544e-05
5.01		1.17955e-05
5.02		1.18367e-05
5.03		1.18781e-05
5.04		1.19196e-05
5.05		1.19612e-05
5.06		1.20029e-05
5.07		1.20448e-05
5.08		1.20867e-05
5.09		1.21289e-05
5.1		1.21711e-05
5.11		1.22135e-05
5.12		1.2256e-05
5.13		1.22986e-05
5.14		1.23413e-05
5.15		1.23842e-05
5.16		1.24272e-05
5.17		1.24703e-05
5.18		1.25136e-05
5.19		1.2557e-05
5.2		1.26005e-05
5.21		1.26442e-05
5.22		1.2688e-05
5.23		1.27319e-05
5.24		1.2776e-05
5.25		1.28201e-05
5.26		1.28645e-05
5.27		1.29089e-05
5.28		1.29535e-05
5.29		1.29982e-05
5.3		1.30431e-05
5.31		1.30881e-05
5.32		1.31332e-05
5.33		1.31785e-05
5.34		1.32239e-05
5.35		1.32694e-05
5.36		1.33151e-05
5.37		1.33609e-05
5.38		1.34069e-05
5.39		1.3453e-05
5.4		1.34992e-05
5.41		1.35456e-05
5.42		1.35922e-05
5.43		1.36388e-05
5.44		1.36856e-05
5.45		1.37326e-05
5.46		1.37797e-05
5.47		1.38269e-05
5.48		1.38743e-05
5.49		1.39218e-05
5.5		1.39695e-05
5.51		1.40173e-05
5.52		1.40653e-05
5.53		1.41134e-05
5.54		1.41616e-05
5.55		1.421e-05
5.56		1.42586e-05
5.57		1.43073e-05
5.58		1.43561e-05
5.59		1.44051e-05
5.6		1.44543e-05
5.61		1.45036e-05
5.62		1.4553e-05
5.63		1.46026e-05
5.64		1.46524e-05
5.65		1.47023e-05
5.66		1.47523e-05
5.67		1.48025e-05
5.68		1.48529e-05
5.69		1.49034e-05
5.7		1.49541e-05
5.71		1.50049e-05
5.72		1.50559e-05
5.73		1.51071e-05
5.74		1.51584e-05
5.75		1.52098e-05
5.76		1.52615e-05
5.77		1.53132e-05
5.78		1.53652e-05
5.79		1.54173e-05
5.8		1.54695e-05
5.81		1.5522e-05
5.82		1.55745e-05
5.83		1.56273e-05
5.84		1.56802e-05
5.85		1.57333e-05
5.86		1.57865e-05
5.87		1.58399e-05
5.88		1.58935e-05
5.89		1.59472e-05
5.9		1.60011e-05
5.91		1.60552e-05
5.92		1.61094e-05
5.93		1.61638e-05
5.94		1.62183e-05
5.95		1.62731e-05
5.96		1.6328e-05
5.97		1.63831e-05
5.98		1.64383e-05
5.99		1.64937e-05
6		1.65493e-05
6.01		1.66051e-05
6.02		1.6661e-05
6.03		1.67171e-05
6.04		1.67734e-05
6.05		1.68299e-05
6.06		1.68865e-05
6.07		1.69433e-05
6.08		1.70003e-05
6.09		1.70575e-05
6.1		1.71148e-05
6.11		1.71723e-05
6.12		1.723e-05
6.13		1.72879e-05
6.14		1.73459e-05
6.15		1.74042e-05
6.16		1.74626e-05
6.17		1.75212e-05
6.18		1.758e-05
6.19		1.7639e-05
6.2		1.76981e-05
6.21		1.77574e-05
6.22		1.7817e-05
6.23		1.78767e-05
6.24		1.79366e-05
6.25		1.79966e-05
6.26		1.80569e-05
6.27		1.81174e-05
6.28		1.8178e-05
6.29		1.82388e-05
6.3		1.82999e-05
6.31		1.83611e-05
6.32		1.84225e-05
6.33		1.84841e-05
6.34		1.85459e-05
6.35		1.86079e-05
6.36		1.867e-05
6.37		1.87324e-05
6.38		1.8795e-05
6.39		1.88577e-05
6.4		1.89207e-05
6.41		1.89838e-05
6.42		1.90472e-05
6.43		1.91108e-05
6.44		1.91745e-05
6.45		1.92385e-05
6.46		1.93026e-05
6.47		1.9367e-05
6.48		1.94315e-05
6.49		1.94963e-05
6.5		1.95612e-05
6.51		1.96264e-05
6.52		1.96918e-05
6.53		1.97573e-05
6.54		1.98231e-05
6.55		1.98891e-05
6.56		1.99553e-05
6.57		2.00217e-05
6.58		2.00883e-05
6.59		2.01551e-05
6.6		2.02222e-05
6.61		2.02894e-05
6.62		2.03569e-05
6.63		2.04245e-05
6.64		2.04924e-05
6.65		2.05605e-05
6.66		2.06288e-05
6.67		2.06973e-05
6.68		2.07661e-05
6.69		2.0835e-05
6.7		2.09042e-05
6.71		2.09736e-05
6.72		2.10432e-05
6.73		2.1113e-05
6.74		2.1183e-05
6.75		2.12533e-05
6.76		2.13238e-05
6.77		2.13945e-05
6.78		2.14654e-05
6.79		2.15366e-05
6.8		2.1608e-05
6.81		2.16796e-05
6.82		2.17514e-05
6.83		2.18235e-05
6.84		2.18957e-05
6.85		2.19683e-05
6.86		2.2041e-05
6.87		2.2114e-05
6.88		2.21872e-05
6.89		2.22606e-05
6.9		2.23343e-05
6.91		2.24082e-05
6.92		2.24823e-05
6.93		2.25567e-05
6.94		2.26313e-05
6.95		2.27061e-05
6.96		2.27812e-05
6.97		2.28565e-05
6.98		2.2932e-05
6.99		2.30078e-05
7		2.30839e-05
7.01		2.31601e-05
7.02		2.32366e-05
7.03		2.33134e-05
7.04		2.33904e-05
7.05		2.34676e-05
7.06		2.35451e-05
7.07		2.36228e-05
7.08		2.37008e-05
7.09		2.3779e-05
7.1		2.38575e-05
7.11		2.39362e-05
7.12		2.40152e-05
7.13		2.40944e-05
7.14		2.41739e-05
7.15		2.42536e-05
7.16		2.43336e-05
7.17		2.44138e-05
7.18		2.44943e-05
7.19		2.4575e-05
7.2		2.4656e-05
7.21		2.47373e-05
7.22		2.48188e-05
7.23		2.49005e-05
7.24		2.49826e-05
7.25		2.50649e-05
7.26		2.51474e-05
7.27		2.52302e-05
7.28		2.53133e-05
7.29		2.53966e-05
7.3		2.54802e-05
7.31		2.55641e-05
7.32		2.56482e-05
7.33		2.57326e-05
7.34		2.58173e-05
7.35		2.59022e-05
7.36		2.59874e-05
7.37		2.60729e-05
7.38		2.61587e-05
7.39		2.62447e-05
7.4		2.6331e-05
7.41		2.64175e-05
7.42		2.65044e-05
7.43		2.65915e-05
7.44		2.66789e-05
7.45		2.67666e-05
7.46		2.68545e-05
7.47		2.69428e-05
7.48		2.70313e-05
7.49		2.71201e-05
7.5		2.72092e-05
7.51		2.72985e-05
7.52		2.73882e-05
7.53		2.74781e-05
7.54		2.75683e-05
7.55		2.76588e-05
7.56		2.77496e-05
7.57		2.78407e-05
7.58		2.79321e-05
7.59		2.80238e-05
7.6		2.81157e-05
7.61		2.8208e-05
7.62		2.83005e-05
7.63		2.83934e-05
7.64		2.84865e-05
7.65		2.85799e-05
7.66		2.86737e-05
7.67		2.87677e-05
7.68		2.8862e-05
7.69		2.89567e-05
7.7		2.90516e-05
7.71		2.91468e-05
7.72		2.92424e-05
7.73		2.93382e-05
7.74		2.94343e-05
7.75		2.95308e-05
7.76		2.96276e-05
7.77		2.97246e-05
7.78		2.9822e-05
7.79		2.99197e-05
7.8		3.00177e-05
7.81		3.0116e-05
7.82		3.02147e-05
7.83		3.03136e-05
7.84		3.04129e-05
7.85		3.05124e-05
7.86		3.06123e-05
7.87		3.07126e-05
7.88		3.08131e-05
7.89		3.0914e-05
7.9		3.10151e-05
7.91		3.11166e-05
7.92		3.12185e-05
7.93		3.13206e-05
7.94		3.14231e-05
7.95		3.15259e-05
7.96		3.1629e-05
7.97		3.17325e-05
7.98		3.18363e-05
7.99		3.19404e-05
8		3.20449e-05
8.01		3.21497e-05
8.02		3.22548e-05
8.03		3.23603e-05
8.04		3.24661e-05
8.05		3.25722e-05
8.06		3.26787e-05
8.07		3.27855e-05
8.08		3.28927e-05
8.09		3.30002e-05
8.1		3.3108e-05
8.11		3.32162e-05
8.12		3.33247e-05
8.13		3.34336e-05
8.14		3.35429e-05
8.15		3.36524e-05
8.16		3.37624e-05
8.17		3.38727e-05
8.18		3.39833e-05
8.19		3.40943e-05
8.2		3.42056e-05
8.21		3.43173e-05
8.22		3.44294e-05
8.23		3.45418e-05
8.24		3.46546e-05
8.25		3.47678e-05
8.26		3.48813e-05
8.27		3.49951e-05
8.28		3.51094e-05
8.29		3.5224e-05
8.3		3.53389e-05
8.31		3.54543e-05
8.32		3.557e-05
8.33		3.5686e-05
8.34		3.58025e-05
8.35		3.59193e-05
8.36		3.60365e-05
8.37		3.61541e-05
8.38		3.6272e-05
8.39		3.63903e-05
8.4		3.6509e-05
8.41		3.66281e-05
8.42		3.67476e-05
8.43		3.68674e-05
8.44		3.69877e-05
8.45		3.71083e-05
8.46		3.72293e-05
8.47		3.73507e-05
8.48		3.74725e-05
8.49		3.75946e-05
8.5		3.77172e-05
8.51		3.78402e-05
8.52		3.79635e-05
8.53		3.80873e-05
8.54		3.82114e-05
8.55		3.83359e-05
8.56		3.84609e-05
8.57		3.85862e-05
8.58		3.8712e-05
8.59		3.88381e-05
8.6		3.89647e-05
8.61		3.90916e-05
8.62		3.9219e-05
8.63		3.93468e-05
8.64		3.9475e-05
8.65		3.96036e-05
8.66		3.97326e-05
8.67		3.9862e-05
8.68		3.99918e-05
8.69		4.01221e-05
8.7		4.02528e-05
8.71		4.03838e-05
8.72		4.05154e-05
8.73		4.06473e-05
8.74		4.07797e-05
8.75		4.09124e-05
8.76		4.10456e-05
8.77		4.11793e-05
8.78		4.13134e-05
8.79		4.14478e-05
8.8		4.15828e-05
8.81		4.17181e-05
8.82		4.18539e-05
8.83		4.19902e-05
8.84		4.21268e-05
8.85		4.2264e-05
8.86		4.24015e-05
8.87		4.25395e-05
8.88		4.26779e-05
8.89		4.28168e-05
8.9		4.29561e-05
8.91		4.30959e-05
8.92		4.32361e-05
8.93		4.33768e-05
8.94		4.35179e-05
8.95		4.36595e-05
8.96		4.38016e-05
8.97		4.3944e-05
8.98		4.4087e-05
8.99		4.42304e-05
9		4.43743e-05
9.01		4.45186e-05
9.02		4.46634e-05
9.03		4.48087e-05
9.04		4.49544e-05
9.05		4.51006e-05
9.06		4.52472e-05
9.07		4.53944e-05
9.08		4.5542e-05
9.09		4.56901e-05
9.1		4.58386e-05
9.11		4.59877e-05
9.12		4.61372e-05
9.13		4.62872e-05
9.14		4.64377e-05
9.15		4.65886e-05
9.16		4.67401e-05
9.17		4.6892e-05
9.18		4.70445e-05
9.19		4.71974e-05
9.2		4.73508e-05
9.21		4.75047e-05
9.22		4.76591e-05
9.23		4.7814e-05
9.24		4.79694e-05
9.25		4.81253e-05
9.26		4.82817e-05
9.27		4.84386e-05
9.28		4.8596e-05
9.29		4.87539e-05
9.3		4.89123e-05
9.31		4.90712e-05
9.32		4.92306e-05
9.33		4.93906e-05
9.34		4.95511e-05
9.35		4.9712e-05
9.36		4.98735e-05
9.37		5.00356e-05
9.38		5.01981e-05
9.39		5.03612e-05
9.4		5.05248e-05
9.41		5.06889e-05
9.42		5.08535e-05
9.43		5.10187e-05
9.44		5.11844e-05
9.45		5.13506e-05
9.46		5.15174e-05
9.47		5.16847e-05
9.48		5.18526e-05
9.49		5.20209e-05
9.5		5.21899e-05
9.51		5.23593e-05
9.52		5.25294e-05
9.53		5.26999e-05
9.54		5.28711e-05
9.55		5.30427e-05
9.56		5.32149e-05
9.57		5.33877e-05
9.58		5.3561e-05
9.59		5.37349e-05
9.6		5.39094e-05
9.61		5.40844e-05
9.62		5.426e-05
9.63		5.44361e-05
9.64		5.46128e-05
9.65		5.47901e-05
9.66		5.49679e-05
9.67		5.51464e-05
9.68		5.53254e-05
9.69		5.55049e-05
9.7		5.56851e-05
9.71		5.58658e-05
9.72		5.60471e-05
9.73		5.6229e-05
9.74		5.64115e-05
9.75		5.65946e-05
9.76		5.67782e-05
9.77		5.69625e-05
9.78		5.71473e-05
9.79		5.73328e-05
9.8		5.75188e-05
9.81		5.77054e-05
9.82		5.78927e-05
9.83		5.80805e-05
9.84		5.8269e-05
9.85		5.8458e-05
9.86		5.86477e-05
9.87		5.8838e-05
9.88		5.90289e-05
9.89		5.92204e-05
9.9		5.94125e-05
9.91		5.96052e-05
9.92		5.97986e-05
9.93		5.99926e-05
9.94		6.01872e-05
9.95		6.03824e-05
9.96		6.05783e-05
9.97		6.07748e-05
9.98		6.09719e-05
9.99		6.11697e-05
10		6.13681e-05
10.01		6.15895e-05
10.02		6.18437e-05
10.03		6.20987e-05
10.04		6.23543e-05
10.05		6.26107e-05
10.06		6.28678e-05
10.07		6.31257e-05
10.08		6.33842e-05
10.09		6.36435e-05
10.1		6.39035e-05
10.11		6.41643e-05
10.12		6.44258e-05
10.13		6.4688e-05
10.14		6.4951e-05
10.15		6.52147e-05
10.16		6.54792e-05
10.17		6.57444e-05
10.18		6.60104e-05
10.19		6.62771e-05
10.2		6.65446e-05
10.21		6.68129e-05
10.22		6.70819e-05
10.23		6.73517e-05
10.24		6.76223e-05
10.25		6.78936e-05
10.26		6.81658e-05
10.27		6.84387e-05
10.28		6.87124e-05
10.29		6.89869e-05
10.3		6.92622e-05
10.31		6.95383e-05
10.32		6.98151e-05
10.33		7.00928e-05
10.34		7.03713e-05
10.35		7.06506e-05
10.36		7.09307e-05
10.37		7.12117e-05
10.38		7.14934e-05
10.39		7.1776e-05
10.4		7.20594e-05
10.41		7.23436e-05
10.42		7.26286e-05
10.43		7.29145e-05
10.44		7.32012e-05
10.45		7.34888e-05
10.46		7.37772e-05
10.47		7.40665e-05
10.48		7.43566e-05
10.49		7.46476e-05
10.5		7.49394e-05
10.51		7.52321e-05
10.52		7.55256e-05
10.53		7.582e-05
10.54		7.61153e-05
10.55		7.64115e-05
10.56		7.67085e-05
10.57		7.70064e-05
10.58		7.73053e-05
10.59		7.76049e-05
10.6		7.79055e-05
10.61		7.8207e-05
10.62		7.85094e-05
10.63		7.88127e-05
10.64		7.91169e-05
10.65		7.9422e-05
10.66		7.9728e-05
10.67		8.00349e-05
10.68		8.03428e-05
10.69		8.06515e-05
10.7		8.09612e-05
10.71		8.12719e-05
10.72		8.15834e-05
10.73		8.18959e-05
10.74		8.22094e-05
10.75		8.25238e-05
10.76		8.28391e-05
10.77		8.31554e-05
10.78		8.34727e-05
10.79		8.37909e-05
10.8		8.411e-05
10.81		8.44302e-05
10.82		8.47513e-05
10.83		8.50733e-05
10.84		8.53964e-05
10.85		8.57204e-05
10.86		8.60455e-05
10.87		8.63715e-05
10.88		8.66985e-05
10.89		8.70265e-05
10.9		8.73555e-05
10.91		8.76855e-05
10.92		8.80165e-05
10.93		8.83485e-05
10.94		8.86816e-05
10.95		8.90156e-05
10.96		8.93507e-05
10.97		8.96868e-05
10.98		9.0024e-05
10.99		9.03621e-05
11		9.07014e-05
11.01		9.10416e-05
11.02		9.13829e-05
11.03		9.17253e-05
11.04		9.20687e-05
11.05		9.24131e-05
11.06		9.27587e-05
11.07		9.31053e-05
11.08		9.34529e-05
11.09		9.38017e-05
11.1		9.41515e-05
11.11		9.45024e-05
11.12		9.48544e-05
11.13		9.52075e-05
11.14		9.55616e-05
11.15		9.59169e-05
11.16		9.62733e-05
11.17		9.66307e-05
11.18		9.69893e-05
11.19		9.7349e-05
11.2		9.77099e-05
11.21		9.80718e-05
11.22		9.84349e-05
11.23		9.87991e-05
11.24		9.91644e-05
11.25		9.95309e-05
11.26		9.98985e-05
11.27		0.000100267
11.28		0.000100637
11.29		0.000101008
11.3		0.000101381
11.31		0.000101754
11.32		0.000102129
11.33		0.000102504
11.34		0.000102881
11.35		0.000103259
11.36		0.000103639
11.37		0.000104019
11.38		0.000104401
11.39		0.000104784
11.4		0.000105168
11.41		0.000105553
11.42		0.00010594
11.43		0.000106327
11.44		0.000106716
11.45		0.000107106
11.46		0.000107498
11.47		0.00010789
11.48		0.000108284
11.49		0.000108679
11.5		0.000109076
11.51		0.000109473
11.52		0.000109872
11.53		0.000110273
11.54		0.000110674
11.55		0.000111077
11.56		0.000111481
11.57		0.000111886
11.58		0.000112292
11.59		0.0001127
11.6		0.000113109
11.61		0.00011352
11.62		0.000113931
11.63		0.000114345
11.64		0.000114759
11.65		0.000115175
11.66		0.000115592
11.67		0.00011601
11.68		0.00011643
11.69		0.000116851
11.7		0.000117273
11.71		0.000117697
11.72		0.000118122
11.73		0.000118548
11.74		0.000118976
11.75		0.000119405
11.76		0.000119835
11.77		0.000120267
11.78		0.0001207
11.79		0.000121135
11.8		0.000121571
11.81		0.000122009
11.82		0.000122447
11.83		0.000122888
11.84		0.000123329
11.85		0.000123772
11.86		0.000124217
11.87		0.000124663
11.88		0.00012511
11.89		0.000125559
11.9		0.000126009
11.91		0.000126461
11.92		0.000126914
11.93		0.000127369
11.94		0.000127825
11.95		0.000128282
11.96		0.000128741
11.97		0.000129202
11.98		0.000129664
11.99		0.000130127
12		0.000130592
12.01		0.000131059
12.02		0.000131527
12.03		0.000131996
12.04		0.000132467
12.05		0.00013294
12.06		0.000133414
12.07		0.000133889
12.08		0.000134366
12.09		0.000134845
12.1		0.000135325
12.11		0.000135807
12.12		0.00013629
12.13		0.000136775
12.14		0.000137262
12.15		0.00013775
12.16		0.000138239
12.17		0.00013873
12.18		0.000139223
12.19		0.000139718
12.2		0.000140214
12.21		0.000140711
12.22		0.000141211
12.23		0.000141711
12.24		0.000142214
12.25		0.000142718
12.26		0.000143224
12.27		0.000143731
12.28		0.00014424
12.29		0.000144751
12.3		0.000145263
12.31		0.000145778
12.32		0.000146293
12.33		0.000146811
12.34		0.00014733
12.35		0.000147851
12.36		0.000148373
12.37		0.000148897
12.38		0.000149423
12.39		0.000149951
12.4		0.00015048
12.41		0.000151011
12.42		0.000151544
12.43		0.000152079
12.44		0.000152615
12.45		0.000153153
12.46		0.000153693
12.47		0.000154234
12.48		0.000154778
12.49		0.000155323
12.5		0.00015587
12.51		0.000156419
12.52		0.000156969
12.53		0.000157521
12.54		0.000158076
12.55		0.000158632
12.56		0.000159189
12.57		0.000159749
12.58		0.00016031
12.59		0.000160874
12.6		0.000161439
12.61		0.000162006
12.62		0.000162575
12.63		0.000163145
12.64		0.000163718
12.65		0.000164292
12.66		0.000164869
12.67		0.000165447
12.68		0.000166027
12.69		0.000166609
12.7		0.000167193
12.71		0.000167779
12.72		0.000168367
12.73		0.000168957
12.74		0.000169548
12.75		0.000170142
12.76		0.000170738
12.77		0.000171335
12.78		0.000171935
12.79		0.000172536
12.8		0.00017314
12.81		0.000173745
12.82		0.000174353
12.83		0.000174962
12.84		0.000175574
12.85		0.000176187
12.86		0.000176803
12.87		0.00017742
12.88		0.00017804
12.89		0.000178662
12.9		0.000179286
12.91		0.000179911
12.92		0.000180539
12.93		0.000181169
12.94		0.000181801
12.95		0.000182435
12.96		0.000183071
12.97		0.00018371
12.98		0.00018435
12.99		0.000184993
13		0.000185637
13.01		0.000186284
13.02		0.000186933
13.03		0.000187584
13.04		0.000188237
13.05		0.000188893
13.06		0.00018955
13.07		0.00019021
13.08		0.000190872
13.09		0.000191536
13.1		0.000192202
13.11		0.000192871
13.12		0.000193542
13.13		0.000194215
13.14		0.00019489
13.15		0.000195567
13.16		0.000196247
13.17		0.000196929
13.18		0.000197613
13.19		0.0001983
13.2		0.000198988
13.21		0.00019968
13.22		0.000200373
13.23		0.000201069
13.24		0.000201766
13.25		0.000202467
13.26		0.000203169
13.27		0.000203874
13.28		0.000204582
13.29		0.000205291
13.3		0.000206003
13.31		0.000206718
13.32		0.000207434
13.33		0.000208154
13.34		0.000208875
13.35		0.000209599
13.36		0.000210325
13.37		0.000211054
13.38		0.000211785
13.39		0.000212519
13.4		0.000213255
13.41		0.000213993
13.42		0.000214734
13.43		0.000215478
13.44		0.000216224
13.45		0.000216972
13.46		0.000217723
13.47		0.000218476
13.48		0.000219232
13.49		0.000219991
13.5		0.000220752
13.51		0.000221515
13.52		0.000222281
13.53		0.00022305
13.54		0.000223821
13.55		0.000224595
13.56		0.000225371
13.57		0.00022615
13.58		0.000226931
13.59		0.000227715
13.6		0.000228502
13.61		0.000229291
13.62		0.000230083
13.63		0.000230878
13.64		0.000231675
13.65		0.000232475
13.66		0.000233278
13.67		0.000234083
13.68		0.000234891
13.69		0.000235702
13.7		0.000236515
13.71		0.000237331
13.72		0.00023815
13.73		0.000238972
13.74		0.000239796
13.75		0.000240623
13.76		0.000241453
13.77		0.000242286
13.78		0.000243121
13.79		0.000243959
13.8		0.0002448
13.81		0.000245644
13.82		0.000246491
13.83		0.00024734
13.84		0.000248193
13.85		0.000249048
13.86		0.000249906
13.87		0.000250767
13.88		0.00025163
13.89		0.000252497
13.9		0.000253367
13.91		0.000254239
13.92		0.000255115
13.93		0.000255993
13.94		0.000256874
13.95		0.000257759
13.96		0.000258646
13.97		0.000259536
13.98		0.000260429
13.99		0.000261325
14		0.000262224
14.01		0.000263127
14.02		0.000264032
14.03		0.00026494
14.04		0.000265851
14.05		0.000266766
14.06		0.000267683
14.07		0.000268604
14.08		0.000269527
14.09		0.000270454
14.1		0.000271384
14.11		0.000272316
14.12		0.000273252
14.13		0.000274192
14.14		0.000275134
14.15		0.000276079
14.16		0.000277028
14.17		0.00027798
14.18		0.000278935
14.19		0.000279893
14.2		0.000280855
14.21		0.000281819
14.22		0.000282787
14.23		0.000283758
14.24		0.000284733
14.25		0.00028571
14.26		0.000286691
14.27		0.000287676
14.28		0.000288663
14.29		0.000289654
14.3		0.000290648
14.31		0.000291646
14.32		0.000292647
14.33		0.000293651
14.34		0.000294659
14.35		0.00029567
14.36		0.000296684
14.37		0.000297702
14.38		0.000298724
14.39		0.000299748
14.4		0.000300776
14.41		0.000301808
14.42		0.000302843
14.43		0.000303882
14.44		0.000304924
14.45		0.000305969
14.46		0.000307018
14.47		0.000308071
14.48		0.000309127
14.49		0.000310187
14.5		0.00031125
14.51		0.000312317
14.52		0.000313387
14.53		0.000314461
14.54		0.000315539
14.55		0.00031662
14.56		0.000317705
14.57		0.000318794
14.58		0.000319886
14.59		0.000320982
14.6		0.000322082
14.61		0.000323185
14.62		0.000324292
14.63		0.000325403
14.64		0.000326517
14.65		0.000327635
14.66		0.000328757
14.67		0.000329883
14.68		0.000331013
14.69		0.000332146
14.7		0.000333283
14.71		0.000334424
14.72		0.000335569
14.73		0.000336718
14.74		0.000337871
14.75		0.000339027
14.76		0.000340188
14.77		0.000341352
14.78		0.00034252
14.79		0.000343692
14.8		0.000344868
14.81		0.000346048
14.82		0.000347232
14.83		0.00034842
14.84		0.000349612
14.85		0.000350809
14.86		0.000352009
14.87		0.000353213
14.88		0.000354421
14.89		0.000355633
14.9		0.00035685
14.91		0.00035807
14.92		0.000359295
14.93		0.000360523
14.94		0.000361756
14.95		0.000362993
14.96		0.000364234
14.97		0.00036548
14.98		0.000366729
14.99		0.000367983
15		0.000369241
15.01		0.000370503
15.02		0.00037177
15.03		0.000373041
15.04		0.000374316
15.05		0.000375595
15.06		0.000376879
15.07		0.000378167
15.08		0.000379459
15.09		0.000380756
15.1		0.000382057
15.11		0.000383362
15.12		0.000384672
15.13		0.000385987
15.14		0.000387305
15.15		0.000388629
15.16		0.000389956
15.17		0.000391288
15.18		0.000392625
15.19		0.000393966
15.2		0.000395312
15.21		0.000396662
15.22		0.000398017
15.23		0.000399376
15.24		0.00040074
15.25		0.000402109
15.26		0.000403482
15.27		0.00040486
15.28		0.000406243
15.29		0.00040763
15.3		0.000409022
15.31		0.000410418
15.32		0.000411819
15.33		0.000413225
15.34		0.000414636
15.35		0.000416052
15.36		0.000417472
15.37		0.000418897
15.38		0.000420327
15.39		0.000421762
15.4		0.000423201
15.41		0.000424646
15.42		0.000426095
15.43		0.000427549
15.44		0.000429008
15.45		0.000430472
15.46		0.000431941
15.47		0.000433415
15.48		0.000434894
15.49		0.000436378
15.5		0.000437867
15.51		0.000439361
15.52		0.00044086
15.53		0.000442364
15.54		0.000443874
15.55		0.000445388
15.56		0.000446907
15.57		0.000448432
15.58		0.000449962
15.59		0.000451497
15.6		0.000453037
15.61		0.000454582
15.62		0.000456133
15.63		0.000457688
15.64		0.000459249
15.65		0.000460816
15.66		0.000462387
15.67		0.000463964
15.68		0.000465546
15.69		0.000467134
15.7		0.000468727
15.71		0.000470325
15.72		0.000471929
15.73		0.000473538
15.74		0.000475153
15.75		0.000476773
15.76		0.000478399
15.77		0.00048003
15.78		0.000481666
15.79		0.000483308
15.8		0.000484956
15.81		0.000486609
15.82		0.000488268
15.83		0.000489933
15.84		0.000491603
15.85		0.000493278
15.86		0.00049496
15.87		0.000496647
15.88		0.00049834
15.89		0.000500038
15.9		0.000501742
15.91		0.000503452
15.92		0.000505168
15.93		0.00050689
15.94		0.000508617
15.95		0.000510351
15.96		0.00051209
15.97		0.000513835
15.98		0.000515586
15.99		0.000517343
16		0.000519106
16.01		0.000520874
16.02		0.000522649
16.03		0.00052443
16.04		0.000526217
16.05		0.00052801
16.06		0.000529809
16.07		0.000531614
16.08		0.000533425
16.09		0.000535242
16.1		0.000537066
16.11		0.000538895
16.12		0.000540731
16.13		0.000542573
16.14		0.000544421
16.15		0.000546276
16.16		0.000548137
16.17		0.000550004
16.18		0.000551877
16.19		0.000553757
16.2		0.000555643
16.21		0.000557535
16.22		0.000559434
16.23		0.00056134
16.24		0.000563251
16.25		0.00056517
16.26		0.000567094
16.27		0.000569026
16.28		0.000570964
16.29		0.000572908
16.3		0.000574859
16.31		0.000576816
16.32		0.000578781
16.33		0.000580752
16.34		0.000582729
16.35		0.000584713
16.36		0.000586704
16.37		0.000588702
16.38		0.000590706
16.39		0.000592718
16.4		0.000594736
16.41		0.000596761
16.42		0.000598792
16.43		0.000600831
16.44		0.000602877
16.45		0.000604929
16.46		0.000606988
16.47		0.000609055
16.48		0.000611128
16.49		0.000613209
16.5		0.000615296
16.51		0.000617391
16.52		0.000619492
16.53		0.000621601
16.54		0.000623717
16.55		0.00062584
16.56		0.00062797
16.57		0.000630108
16.58		0.000632253
16.59		0.000634405
16.6		0.000636564
16.61		0.00063873
16.62		0.000640904
16.63		0.000643086
16.64		0.000645274
16.65		0.000647471
16.66		0.000649674
16.67		0.000651885
16.68		0.000654104
16.69		0.00065633
16.7		0.000658563
16.71		0.000660804
16.72		0.000663053
16.73		0.00066531
16.74		0.000667574
16.75		0.000669845
16.76		0.000672125
16.77		0.000674412
16.78		0.000676707
16.79		0.000679009
16.8		0.00068132
16.81		0.000683638
16.82		0.000685964
16.83		0.000688298
16.84		0.00069064
16.85		0.00069299
16.86		0.000695348
16.87		0.000697714
16.88		0.000700087
16.89		0.000702469
16.9		0.000704859
16.91		0.000707257
16.92		0.000709664
16.93		0.000712078
16.94		0.000714501
16.95		0.000716931
16.96		0.00071937
16.97		0.000721818
16.98		0.000724273
16.99		0.000726737
17		0.000729209
17.01		0.00073169
17.02		0.000734179
17.03		0.000736676
17.04		0.000739182
17.05		0.000741697
17.06		0.00074422
17.07		0.000746751
17.08		0.000749291
17.09		0.00075184
17.1		0.000754397
17.11		0.000756963
17.12		0.000759538
17.13		0.000762121
17.14		0.000764714
17.15		0.000767315
17.16		0.000769925
17.17		0.000772543
17.18		0.000775171
17.19		0.000777807
17.2		0.000780453
17.21		0.000783107
17.22		0.00078577
17.23		0.000788443
17.24		0.000791124
17.25		0.000793815
17.26		0.000796514
17.27		0.000799223
17.28		0.000801941
17.29		0.000804668
17.3		0.000807405
17.31		0.000810151
17.32		0.000812906
17.33		0.00081567
17.34		0.000818444
17.35		0.000821227
17.36		0.00082402
17.37		0.000826822
17.38		0.000829634
17.39		0.000832455
17.4		0.000835285
17.41		0.000838126
17.42		0.000840976
17.43		0.000843835
17.44		0.000846705
17.45		0.000849584
17.46		0.000852473
17.47		0.000855371
17.48		0.00085828
17.49		0.000861198
17.5		0.000864126
17.51		0.000867064
17.52		0.000870012
17.53		0.00087297
17.54		0.000875939
17.55		0.000878917
17.56		0.000881905
17.57		0.000884904
17.58		0.000887912
17.59		0.000890931
17.6		0.00089396
17.61		0.000896999
17.62		0.000900049
17.63		0.000903109
17.64		0.000906179
17.65		0.00090926
17.66		0.000912351
17.67		0.000915453
17.68		0.000918565
17.69		0.000921688
17.7		0.000924822
17.71		0.000927966
17.72		0.00093112
17.73		0.000934286
17.74		0.000937462
17.75		0.000940649
17.76		0.000943847
17.77		0.000947055
17.78		0.000950275
17.79		0.000953505
17.8		0.000956746
17.81		0.000959999
17.82		0.000963262
17.83		0.000966536
17.84		0.000969822
17.85		0.000973119
17.86		0.000976427
17.87		0.000979746
17.88		0.000983076
17.89		0.000986418
17.9		0.000989771
17.91		0.000993135
17.92		0.000996511
17.93		0.000999898
17.94		0.0010033
17.95		0.00100671
17.96		0.00101013
17.97		0.00101356
17.98		0.00101701
17.99		0.00102046
18		0.00102393
18.01		0.00102741
18.02		0.00103091
18.03		0.00103441
18.04		0.00103793
18.05		0.00104145
18.06		0.00104499
18.07		0.00104854
18.08		0.00105211
18.09		0.00105568
18.1		0.00105927
18.11		0.00106287
18.12		0.00106648
18.13		0.00107011
18.14		0.00107375
18.15		0.0010774
18.16		0.00108106
18.17		0.00108473
18.18		0.00108842
18.19		0.00109212
18.2		0.00109583
18.21		0.00109955
18.22		0.00110329
18.23		0.00110704
18.24		0.0011108
18.25		0.00111458
18.26		0.00111836
18.27		0.00112217
18.28		0.00112598
18.29		0.00112981
18.3		0.00113365
18.31		0.0011375
18.32		0.00114136
18.33		0.00114524
18.34		0.00114913
18.35		0.00115304
18.36		0.00115696
18.37		0.00116089
18.38		0.00116483
18.39		0.00116879
18.4		0.00117276
18.41		0.00117675
18.42		0.00118075
18.43		0.00118476
18.44		0.00118879
18.45		0.00119283
18.46		0.00119688
18.47		0.00120095
18.48		0.00120503
18.49		0.00120912
18.5		0.00121323
18.51		0.00121736
18.52		0.00122149
18.53		0.00122564
18.54		0.00122981
18.55		0.00123399
18.56		0.00123818
18.57		0.00124239
18.58		0.00124661
18.59		0.00125084
18.6		0.00125509
18.61		0.00125936
18.62		0.00126364
18.63		0.00126793
18.64		0.00127224
18.65		0.00127656
18.66		0.0012809
18.67		0.00128525
18.68		0.00128962
18.69		0.001294
18.7		0.0012984
18.71		0.00130281
18.72		0.00130724
18.73		0.00131168
18.74		0.00131614
18.75		0.00132061
18.76		0.0013251
18.77		0.0013296
18.78		0.00133412
18.79		0.00133865
18.8		0.0013432
18.81		0.00134776
18.82		0.00135234
18.83		0.00135694
18.84		0.00136155
18.85		0.00136617
18.86		0.00137081
18.87		0.00137547
18.88		0.00138014
18.89		0.00138483
18.9		0.00138954
18.91		0.00139426
18.92		0.001399
18.93		0.00140375
18.94		0.00140852
18.95		0.0014133
18.96		0.00141811
18.97		0.00142292
18.98		0.00142776
18.99		0.00143261
19		0.00143748
19.01		0.00144236
19.02		0.00144726
19.03		0.00145218
19.04		0.00145711
19.05		0.00146206
19.06		0.00146703
19.07		0.00147201
19.08		0.00147702
19.09		0.00148203
19.1		0.00148707
19.11		0.00149212
19.12		0.00149719
19.13		0.00150228
19.14		0.00150738
19.15		0.0015125
19.16		0.00151764
19.17		0.0015228
19.18		0.00152797
19.19		0.00153316
19.2		0.00153837
19.21		0.0015436
19.22		0.00154884
19.23		0.0015541
19.24		0.00155938
19.25		0.00156468
19.26		0.00156999
19.27		0.00157533
19.28		0.00158068
19.29		0.00158605
19.3		0.00159144
19.31		0.00159684
19.32		0.00160227
19.33		0.00160771
19.34		0.00161317
19.35		0.00161865
19.36		0.00162415
19.37		0.00162967
19.38		0.00163521
19.39		0.00164076
19.4		0.00164634
19.41		0.00165193
19.42		0.00165754
19.43		0.00166317
19.44		0.00166882
19.45		0.00167449
19.46		0.00168018
19.47		0.00168589
19.48		0.00169161
19.49		0.00169736
19.5		0.00170313
19.51		0.00170891
19.52		0.00171472
19.53		0.00172054
19.54		0.00172639
19.55		0.00173225
19.56		0.00173814
19.57		0.00174404
19.58		0.00174997
19.59		0.00175591
19.6		0.00176187
19.61		0.00176786
19.62		0.00177387
19.63		0.00177989
19.64		0.00178594
19.65		0.001792
19.66		0.00179809
19.67		0.0018042
19.68		0.00181033
19.69		0.00181648
19.7		0.00182265
19.71		0.00182884
19.72		0.00183505
19.73		0.00184129
19.74		0.00184754
19.75		0.00185382
19.76		0.00186011
19.77		0.00186643
19.78		0.00187277
19.79		0.00187913
19.8		0.00188552
19.81		0.00189192
19.82		0.00189835
19.83		0.0019048
19.84		0.00191127
19.85		0.00191776
19.86		0.00192427
19.87		0.00193081
19.88		0.00193737
19.89		0.00194395
19.9		0.00195055
19.91		0.00195718
19.92		0.00196383
19.93		0.0019705
19.94		0.00197719
19.95		0.00198391
19.96		0.00199065
19.97		0.00199741
19.98		0.00200419
19.99		0.002011
20		0.00201783
20.01		0.00202486
20.02		0.00203212
20.03		0.00203942
20.04		0.00204677
20.05		0.00205416
20.06		0.00206159
20.07		0.00206906
20.08		0.00207658
20.09		0.00208414
20.1		0.00209175
20.11		0.0020994
20.12		0.00210709
20.13		0.00211482
20.14		0.0021226
20.15		0.00213043
20.16		0.0021383
20.17		0.00214621
20.18		0.00215417
20.19		0.00216217
20.2		0.00217022
20.21		0.00217831
20.22		0.00218645
20.23		0.00219464
20.24		0.00220287
20.25		0.00221114
20.26		0.00221946
20.27		0.00222783
20.28		0.00223625
20.29		0.00224471
20.3		0.00225322
20.31		0.00226177
20.32		0.00227038
20.33		0.00227903
20.34		0.00228773
20.35		0.00229647
20.36		0.00230526
20.37		0.00231411
20.38		0.002323
20.39		0.00233193
20.4		0.00234092
20.41		0.00234996
20.42		0.00235904
20.43		0.00236818
20.44		0.00237736
20.45		0.00238659
20.46		0.00239588
20.47		0.00240521
20.48		0.00241459
20.49		0.00242403
20.5		0.00243351
20.51		0.00244304
20.52		0.00245263
20.53		0.00246227
20.54		0.00247196
20.55		0.0024817
20.56		0.00249149
20.57		0.00250133
20.58		0.00251123
20.59		0.00252118
20.6		0.00253118
20.61		0.00254123
20.62		0.00255134
20.63		0.0025615
20.64		0.00257171
20.65		0.00258198
20.66		0.0025923
20.67		0.00260268
20.68		0.0026131
20.69		0.00262359
20.7		0.00263413
20.71		0.00264472
20.72		0.00265537
20.73		0.00266607
20.74		0.00267683
20.75		0.00268765
20.76		0.00269852
20.77		0.00270945
20.78		0.00272044
20.79		0.00273148
20.8		0.00274258
20.81		0.00275373
20.82		0.00276494
20.83		0.00277621
20.84		0.00278754
20.85		0.00279893
20.86		0.00281038
20.87		0.00282188
20.88		0.00283344
20.89		0.00284507
20.9		0.00285675
20.91		0.00286849
20.92		0.00288029
20.93		0.00289215
20.94		0.00290407
20.95		0.00291605
20.96		0.0029281
20.97		0.0029402
20.98		0.00295236
20.99		0.00296459
21		0.00297688
21.01		0.00298923
21.02		0.00300164
21.03		0.00301412
21.04		0.00302666
21.05		0.00303926
21.06		0.00305193
21.07		0.00306466
21.08		0.00307745
21.09		0.00309031
21.1		0.00310323
21.11		0.00311621
21.12		0.00312926
21.13		0.00314238
21.14		0.00315556
21.15		0.00316881
21.16		0.00318213
21.17		0.00319551
21.18		0.00320895
21.19		0.00322247
21.2		0.00323605
21.21		0.0032497
21.22		0.00326342
21.23		0.0032772
21.24		0.00329105
21.25		0.00330498
21.26		0.00331897
21.27		0.00333303
21.28		0.00334716
21.29		0.00336136
21.3		0.00337563
21.31		0.00338997
21.32		0.00340438
21.33		0.00341886
21.34		0.00343341
21.35		0.00344804
21.36		0.00346274
21.37		0.00347751
21.38		0.00349235
21.39		0.00350726
21.4		0.00352225
21.41		0.00353731
21.42		0.00355245
21.43		0.00356766
21.44		0.00358294
21.45		0.0035983
21.46		0.00361373
21.47		0.00362924
21.48		0.00364482
21.49		0.00366049
21.5		0.00367622
21.51		0.00369204
21.52		0.00370793
21.53		0.0037239
21.54		0.00373994
21.55		0.00375607
21.56		0.00377227
21.57		0.00378855
21.58		0.00380491
21.59		0.00382135
21.6		0.00383787
21.61		0.00385447
21.62		0.00387115
21.63		0.00388791
21.64		0.00390475
21.65		0.00392167
21.66		0.00393868
21.67		0.00395577
21.68		0.00397294
21.69		0.00399019
21.7		0.00400752
21.71		0.00402494
21.72		0.00404245
21.73		0.00406003
21.74		0.00407771
21.75		0.00409547
21.76		0.00411331
21.77		0.00413124
21.78		0.00414925
21.79		0.00416735
21.8		0.00418554
21.81		0.00420382
21.82		0.00422218
21.83		0.00424064
21.84		0.00425918
21.85		0.0042778
21.86		0.00429652
21.87		0.00431533
21.88		0.00433423
21.89		0.00435322
21.9		0.0043723
21.91		0.00439147
21.92		0.00441073
21.93		0.00443009
21.94		0.00444953
21.95		0.00446907
21.96		0.00448871
21.97		0.00450843
21.98		0.00452825
21.99		0.00454817
22		0.00456818
22.01		0.00458828
22.02		0.00460848
22.03		0.00462878
22.04		0.00464918
22.05		0.00466967
22.06		0.00469026
22.07		0.00471094
22.08		0.00473173
22.09		0.00475261
22.1		0.00477359
22.11		0.00479467
22.12		0.00481586
22.13		0.00483714
22.14		0.00485852
22.15		0.00488001
22.16		0.00490159
22.17		0.00492328
22.18		0.00494508
22.19		0.00496697
22.2		0.00498897
22.21		0.00501107
22.22		0.00503328
22.23		0.00505559
22.24		0.00507801
22.25		0.00510053
22.26		0.00512316
22.27		0.0051459
22.28		0.00516875
22.29		0.0051917
22.3		0.00521476
22.31		0.00523793
22.32		0.00526121
22.33		0.0052846
22.34		0.00530809
22.35		0.0053317
22.36		0.00535542
22.37		0.00537926
22.38		0.0054032
22.39		0.00542726
22.4		0.00545143
22.41		0.00547572
22.42		0.00550011
22.43		0.00552463
22.44		0.00554926
22.45		0.005574
22.46		0.00559886
22.47		0.00562384
22.48		0.00564894
22.49		0.00567415
22.5		0.00569948
22.51		0.00572493
22.52		0.0057505
22.53		0.00577619
22.54		0.005802
22.55		0.00582793
22.56		0.00585399
22.57		0.00588016
22.58		0.00590646
22.59		0.00593288
22.6		0.00595943
22.61		0.0059861
22.62		0.00601289
22.63		0.00603981
22.64		0.00606686
22.65		0.00609403
22.66		0.00612133
22.67		0.00614875
22.68		0.00617631
22.69		0.006204
22.7		0.00623181
22.71		0.00625975
22.72		0.00628783
22.73		0.00631603
22.74		0.00634437
22.75		0.00637284
22.76		0.00640144
22.77		0.00643018
22.78		0.00645905
22.79		0.00648806
22.8		0.0065172
22.81		0.00654647
22.82		0.00657589
22.83		0.00660544
22.84		0.00663513
22.85		0.00666495
22.86		0.00669492
22.87		0.00672503
22.88		0.00675527
22.89		0.00678566
22.9		0.00681619
22.91		0.00684686
22.92		0.00687767
22.93		0.00690863
22.94		0.00693973
22.95		0.00697098
22.96		0.00700237
22.97		0.00703391
22.98		0.00706559
22.99		0.00709742
23		0.0071294
23.01		0.00716153
23.02		0.00719381
23.03		0.00722624
23.04		0.00725882
23.05		0.00729155
23.06		0.00732443
23.07		0.00735747
23.08		0.00739066
23.09		0.007424
23.1		0.0074575
23.11		0.00749115
23.12		0.00752497
23.13		0.00755893
23.14		0.00759306
23.15		0.00762734
23.16		0.00766178
23.17		0.00769639
23.18		0.00773115
23.19		0.00776607
23.2		0.00780116
23.21		0.00783641
23.22		0.00787182
23.23		0.0079074
23.24		0.00794314
23.25		0.00797905
23.26		0.00801512
23.27		0.00805137
23.28		0.00808778
23.29		0.00812435
23.3		0.0081611
23.31		0.00819802
23.32		0.00823511
23.33		0.00827237
23.34		0.0083098
23.35		0.00834741
23.36		0.00838519
23.37		0.00842315
23.38		0.00846128
23.39		0.00849959
23.4		0.00853808
23.41		0.00857674
23.42		0.00861558
23.43		0.00865461
23.44		0.00869381
23.45		0.00873319
23.46		0.00877276
23.47		0.00881251
23.48		0.00885245
23.49		0.00889257
23.5		0.00893287
23.51		0.00897336
23.52		0.00901404
23.53		0.0090549
23.54		0.00909596
23.55		0.0091372
23.56		0.00917864
23.57		0.00922027
23.58		0.00926209
23.59		0.0093041
23.6		0.00934631
23.61		0.00938871
23.62		0.00943131
23.63		0.0094741
23.64		0.00951709
23.65		0.00956028
23.66		0.00960367
23.67		0.00964727
23.68		0.00969106
23.69		0.00973505
23.7		0.00977925
23.71		0.00982365
23.72		0.00986826
23.73		0.00991307
23.74		0.00995809
23.75		0.0100033
23.76		0.0100488
23.77		0.0100944
23.78		0.0101403
23.79		0.0101863
23.8		0.0102326
23.81		0.0102791
23.82		0.0103258
23.83		0.0103727
23.84		0.0104199
23.85		0.0104672
23.86		0.0105148
23.87		0.0105626
23.88		0.0106106
23.89		0.0106589
23.9		0.0107073
23.91		0.010756
23.92		0.0108049
23.93		0.010854
23.94		0.0109034
23.95		0.010953
23.96		0.0110028
23.97		0.0110528
23.98		0.0111031
23.99		0.0111536
24		0.0112044
24.01		0.0112553
24.02		0.0113066
24.03		0.011358
24.04		0.0114097
24.05		0.0114616
24.06		0.0115138
24.07		0.0115662
24.08		0.0116188
24.09		0.0116717
24.1		0.0117248
24.11		0.0117782
24.12		0.0118318
24.13		0.0118857
24.14		0.0119398
24.15		0.0119941
24.16		0.0120487
24.17		0.0121036
24.18		0.0121587
24.19		0.0122141
24.2		0.0122697
24.21		0.0123256
24.22		0.0123817
24.23		0.0124381
24.24		0.0124948
24.25		0.0125517
24.26		0.0126089
24.27		0.0126663
24.28		0.012724
24.29		0.012782
24.3		0.0128402
24.31		0.0128987
24.32		0.0129575
24.33		0.0130166
24.34		0.0130759
24.35		0.0131355
24.36		0.0131953
24.37		0.0132555
24.38		0.0133159
24.39		0.0133766
24.4		0.0134375
24.41		0.0134988
24.42		0.0135603
24.43		0.0136222
24.44		0.0136843
24.45		0.0137466
24.46		0.0138093
24.47		0.0138723
24.48		0.0139355
24.49		0.0139991
24.5		0.0140629
24.51		0.014127
24.52		0.0141915
24.53		0.0142562
24.54		0.0143212
24.55		0.0143865
24.56		0.0144521
24.57		0.014518
24.58		0.0145843
24.59		0.0146508
24.6		0.0147176
24.61		0.0147848
24.62		0.0148522
24.63		0.01492
24.64		0.014988
24.65		0.0150564
24.66		0.0151251
24.67		0.0151941
24.68		0.0152634
24.69		0.0153331
24.7		0.015403
24.71		0.0154733
24.72		0.0155439
24.73		0.0156149
24.74		0.0156861
24.75		0.0157577
24.76		0.0158296
24.77		0.0159019
24.78		0.0159745
24.79		0.0160474
24.8		0.0161206
24.81		0.0161942
24.82		0.0162681
24.83		0.0163424
24.84		0.016417
24.85		0.0164919
24.86		0.0165672
24.87		0.0166429
24.88		0.0167188
24.89		0.0167952
24.9		0.0168718
24.91		0.0169489
24.92		0.0170263
24.93		0.017104
24.94		0.0171821
24.95		0.0172606
24.96		0.0173394
24.97		0.0174185
24.98		0.0174981
24.99		0.017578
25		0.0176583
25.01		0.0177389
25.02		0.0178199
25.03		0.0179013
25.04		0.0179831
25.05		0.0180652
25.06		0.0181477
25.07		0.0182306
25.08		0.0183139
25.09		0.0183975
25.1		0.0184816
25.11		0.018566
25.12		0.0186508
25.13		0.018736
25.14		0.0188216
25.15		0.0189076
25.16		0.0189939
25.17		0.0190807
25.18		0.0191679
25.19		0.0192554
25.2		0.0193434
25.21		0.0194318
25.22		0.0195206
25.23		0.0196098
25.24		0.0196994
25.25		0.0197894
25.26		0.0198798
25.27		0.0199706
25.28		0.0200619
25.29		0.0201535
25.3		0.0202456
25.31		0.0203382
25.32		0.0204311
25.33		0.0205245
25.34		0.0206183
25.35		0.0207125
25.36		0.0208071
25.37		0.0209022
25.38		0.0209978
25.39		0.0210937
25.4		0.0211901
25.41		0.021287
25.42		0.0213843
25.43		0.021482
25.44		0.0215802
25.45		0.0216788
25.46		0.0217779
25.47		0.0218775
25.48		0.0219775
25.49		0.0220779
25.5		0.0221788
25.51		0.0222802
25.52		0.0223821
25.53		0.0224844
25.54		0.0225872
25.55		0.0226904
25.56		0.0227941
25.57		0.0228983
25.58		0.023003
25.59		0.0231082
25.6		0.0232138
25.61		0.02332
25.62		0.0234266
25.63		0.0235337
25.64		0.0236413
25.65		0.0237493
25.66		0.0238579
25.67		0.023967
25.68		0.0240766
25.69		0.0241867
25.7		0.0242973
25.71		0.0244084
25.72		0.02452
25.73		0.0246321
25.74		0.0247447
25.75		0.0248579
25.76		0.0249715
25.77		0.0250857
25.78		0.0252004
25.79		0.0253157
25.8		0.0254314
25.81		0.0255477
25.82		0.0256645
25.83		0.0257819
25.84		0.0258998
25.85		0.0260182
25.86		0.0261372
25.87		0.0262568
25.88		0.0263768
25.89		0.0264975
25.9		0.0266186
25.91		0.0267404
25.92		0.0268627
25.93		0.0269855
25.94		0.027109
25.95		0.0272329
25.96		0.0273575
25.97		0.0274826
25.98		0.0276083
25.99		0.0277346
26		0.0278614
26.01		0.0279889
26.02		0.0281169
26.03		0.0282455
26.04		0.0283747
26.05		0.0285045
26.06		0.0286348
26.07		0.0287658
26.08		0.0288974
26.09		0.0290296
26.1		0.0291624
26.11		0.0292958
26.12		0.0294298
26.13		0.0295644
26.14		0.0296996
26.15		0.0298355
26.16		0.029972
26.17		0.0301091
26.18		0.0302468
26.19		0.0303852
26.2		0.0305242
26.21		0.0306638
26.22		0.0308041
26.23		0.030945
26.24		0.0310866
26.25		0.0312288
26.26		0.0313716
26.27		0.0315151
26.28		0.0316593
26.29		0.0318042
26.3		0.0319497
26.31		0.0320958
26.32		0.0322427
26.33		0.0323902
26.34		0.0325384
26.35		0.0326872
26.36		0.0328368
26.37		0.032987
26.38		0.0331379
26.39		0.0332895
26.4		0.0334418
26.41		0.0335948
26.42		0.0337486
26.43		0.033903
26.44		0.0340581
26.45		0.0342139
26.46		0.0343704
26.47		0.0345277
26.48		0.0346857
26.49		0.0348444
26.5		0.0350038
26.51		0.035164
26.52		0.0353249
26.53		0.0354865
26.54		0.0356489
26.55		0.035812
26.56		0.0359759
26.57		0.0361405
26.58		0.0363058
26.59		0.036472
26.6		0.0366388
26.61		0.0368065
26.62		0.0369749
26.63		0.0371441
26.64		0.0373141
26.65		0.0374848
26.66		0.0376563
26.67		0.0378287
26.68		0.0380018
26.69		0.0381757
26.7		0.0383503
26.71		0.0385258
26.72		0.0387021
26.73		0.0388792
26.74		0.0390572
26.75		0.0392359
26.76		0.0394154
26.77		0.0395958
26.78		0.039777
26.79		0.039959
26.8		0.0401419
26.81		0.0403256
26.82		0.0405101
26.83		0.0406955
26.84		0.0408817
26.85		0.0410688
26.86		0.0412568
26.87		0.0414456
26.88		0.0416352
26.89		0.0418258
26.9		0.0420172
26.91		0.0422095
26.92		0.0424027
26.93		0.0425967
26.94		0.0427917
26.95		0.0429875
26.96		0.0431842
26.97		0.0433819
26.98		0.0435804
26.99		0.0437798
27		0.0439802
27.01		0.0441815
27.02		0.0443837
27.03		0.0445868
27.04		0.0447909
27.05		0.0449959
27.06		0.0452018
27.07		0.0454087
27.08		0.0456165
27.09		0.0458253
27.1		0.046035
27.11		0.0462457
27.12		0.0464574
27.13		0.04667
27.14		0.0468836
27.15		0.0470982
27.16		0.0473137
27.17		0.0475303
27.18		0.0477478
27.19		0.0479663
27.2		0.0481859
27.21		0.0484064
27.22		0.048628
27.23		0.0488505
27.24		0.0490741
27.25		0.0492987
27.26		0.0495244
27.27		0.0497511
27.28		0.0499788
27.29		0.0502075
27.3		0.0504373
27.31		0.0506682
27.32		0.0509001
27.33		0.0511331
27.34		0.0513671
27.35		0.0516022
27.36		0.0518384
27.37		0.0520757
27.38		0.052314
27.39		0.0525535
27.4		0.052794
27.41		0.0530357
27.42		0.0532784
27.43		0.0535223
27.44		0.0537673
27.45		0.0540134
27.46		0.0542606
27.47		0.054509
27.48		0.0547585
27.49		0.0550091
27.5		0.0552609
27.51		0.0555139
27.52		0.055768
27.53		0.0560232
27.54		0.0562797
27.55		0.0565373
27.56		0.0567961
27.57		0.057056
27.58		0.0573172
27.59		0.0575796
27.6		0.0578431
27.61		0.0581079
27.62		0.0583739
27.63		0.0586411
27.64		0.0589095
27.65		0.0591792
27.66		0.0594501
27.67		0.0597222
27.68		0.0599956
27.69		0.0602702
27.7		0.0605461
27.71		0.0608232
27.72		0.0611017
27.73		0.0613813
27.74		0.0616623
27.75		0.0619446
27.76		0.0622281
27.77		0.062513
27.78		0.0627991
27.79		0.0630866
27.8		0.0633754
27.81		0.0636655
27.82		0.0639569
27.83		0.0642497
27.84		0.0645438
27.85		0.0648393
27.86		0.0651361
27.87		0.0654342
27.88		0.0657338
27.89		0.0660347
27.9		0.066337
27.91		0.0666406
27.92		0.0669457
27.93		0.0672521
27.94		0.06756
27.95		0.0678693
27.96		0.06818
27.97		0.0684921
27.98		0.0688056
27.99		0.0691206
28		0.069437
28.01		0.0697549
28.02		0.0700742
28.03		0.070395
28.04		0.0707172
28.05		0.0710409
28.06		0.0713661
28.07		0.0716928
28.08		0.072021
28.09		0.0723507
28.1		0.0726819
28.11		0.0730147
28.12		0.0733489
28.13		0.0736847
28.14		0.074022
28.15		0.0743609
28.16		0.0747013
28.17		0.0750432
28.18		0.0753868
28.19		0.0757319
28.2		0.0760786
28.21		0.0764268
28.22		0.0767767
28.23		0.0771282
28.24		0.0774813
28.25		0.077836
28.26		0.0781923
28.27		0.0785502
28.28		0.0789098
28.29		0.0792711
28.3		0.079634
28.31		0.0799985
28.32		0.0803648
28.33		0.0807327
28.34		0.0811023
28.35		0.0814735
28.36		0.0818465
28.37		0.0822212
28.38		0.0825976
28.39		0.0829757
28.4		0.0833556
28.41		0.0837372
28.42		0.0841205
28.43		0.0845056
28.44		0.0848925
28.45		0.0852811
28.46		0.0856716
28.47		0.0860638
28.48		0.0864578
28.49		0.0868536
28.5		0.0872512
28.51		0.0876506
28.52		0.0880519
28.53		0.088455
28.54		0.0888599
28.55		0.0892667
28.56		0.0896754
28.57		0.0900859
28.58		0.0904983
28.59		0.0909126
28.6		0.0913288
28.61		0.091747
28.62		0.092167
28.63		0.0925889
28.64		0.0930128
28.65		0.0934386
28.66		0.0938664
28.67		0.0942961
28.68		0.0947278
28.69		0.0951615
28.7		0.0955971
28.71		0.0960348
28.72		0.0964744
28.73		0.0969161
28.74		0.0973598
28.75		0.0978055
28.76		0.0982533
28.77		0.0987031
28.78		0.099155
28.79		0.0996089
28.8		0.100065
28.81		0.100523
28.82		0.100983
28.83		0.101446
28.84		0.10191
28.85		0.102377
28.86		0.102845
28.87		0.103316
28.88		0.103789
28.89		0.104264
28.9		0.104742
28.91		0.105221
28.92		0.105703
28.93		0.106187
28.94		0.106673
28.95		0.107161
28.96		0.107652
28.97		0.108145
28.98		0.10864
28.99		0.109137
29		0.109637
29.01		0.110139
29.02		0.110643
29.03		0.11115
29.04		0.111658
29.05		0.11217
29.06		0.112683
29.07		0.113199
29.08		0.113717
29.09		0.114238
29.1		0.114761
29.11		0.115286
29.12		0.115814
29.13		0.116344
29.14		0.116877
29.15		0.117412
29.16		0.11795
29.17		0.11849
29.18		0.119032
29.19		0.119577
29.2		0.120124
29.21		0.120674
29.22		0.121227
29.23		0.121782
29.24		0.122339
29.25		0.1229
29.26		0.123462
29.27		0.124027
29.28		0.124595
29.29		0.125166
29.3		0.125739
29.31		0.126314
29.32		0.126893
29.33		0.127474
29.34		0.128057
29.35		0.128644
29.36		0.129233
29.37		0.129824
29.38		0.130419
29.39		0.131016
29.4		0.131615
29.41		0.132218
29.42		0.132823
29.43		0.133431
29.44		0.134042
29.45		0.134656
29.46		0.135273
29.47		0.135892
29.48		0.136514
29.49		0.137139
29.5		0.137767
29.51		0.138398
29.52		0.139031
29.53		0.139668
29.54		0.140307
29.55		0.14095
29.56		0.141595
29.57		0.142243
29.58		0.142894
29.59		0.143549
29.6		0.144206
29.61		0.144866
29.62		0.145529
29.63		0.146195
29.64		0.146865
29.65		0.147537
29.66		0.148213
29.67		0.148891
29.68		0.149573
29.69		0.150258
29.7		0.150946
29.71		0.151637
29.72		0.152331
29.73		0.153028
29.74		0.153729
29.75		0.154433
29.76		0.15514
29.77		0.15585
29.78		0.156564
29.79		0.15728
29.8		0.158001
29.81		0.158724
29.82		0.159451
29.83		0.160181
29.84		0.160914
29.85		0.161651
29.86		0.162391
29.87		0.163134
29.88		0.163881
29.89		0.164631
29.9		0.165385
29.91		0.166142
29.92		0.166903
29.93		0.167667
29.94		0.168435
29.95		0.169206
29.96		0.169981
29.97		0.170759
29.98		0.171541
29.99		0.172326
30		0.173115
30.01		0.17384
30.02		0.174512
30.03		0.175182
30.04		0.175852
30.05		0.176522
30.06		0.17719
30.07		0.177857
30.08		0.178524
30.09		0.17919
30.1		0.179855
30.11		0.18052
30.12		0.181183
30.13		0.181846
30.14		0.182508
30.15		0.183169
30.16		0.183829
30.17		0.184489
30.18		0.185147
30.19		0.185805
30.2		0.186462
30.21		0.187118
30.22		0.187774
30.23		0.188428
30.24		0.189082
30.25		0.189734
30.26		0.190386
30.27		0.191037
30.28		0.191687
30.29		0.192337
30.3		0.192985
30.31		0.193633
30.32		0.194279
30.33		0.194925
30.34		0.19557
30.35		0.196214
30.36		0.196858
30.37		0.1975
30.38		0.198141
30.39		0.198782
30.4		0.199422
30.41		0.20006
30.42		0.200698
30.43		0.201335
30.44		0.201971
30.45		0.202606
30.46		0.203241
30.47		0.203874
30.48		0.204506
30.49		0.205138
30.5		0.205769
30.51		0.206398
30.52		0.207027
30.53		0.207655
30.54		0.208282
30.55		0.208908
30.56		0.209533
30.57		0.210157
30.58		0.21078
30.59		0.211402
30.6		0.212023
30.61		0.212643
30.62		0.213263
30.63		0.213881
30.64		0.214498
30.65		0.215115
30.66		0.21573
30.67		0.216345
30.68		0.216958
30.69		0.217571
30.7		0.218183
30.71		0.218793
30.72		0.219403
30.73		0.220011
30.74		0.220619
30.75		0.221226
30.76		0.221831
30.77		0.222436
30.78		0.22304
30.79		0.223642
30.8		0.224244
30.81		0.224845
30.82		0.225444
30.83		0.226043
30.84		0.226641
30.85		0.227237
30.86		0.227833
30.87		0.228427
30.88		0.229021
30.89		0.229613
30.9		0.230205
30.91		0.230795
30.92		0.231385
30.93		0.231973
30.94		0.23256
30.95		0.233147
30.96		0.233732
30.97		0.234316
30.98		0.234899
30.99		0.235481
31		0.236062
31.01		0.236642
31.02		0.237221
31.03		0.237799
31.04		0.238376
31.05		0.238951
31.06		0.239526
31.07		0.2401
31.08		0.240672
31.09		0.241244
31.1		0.241814
31.11		0.242383
31.12		0.242951
31.13		0.243518
31.14		0.244084
31.15		0.244649
31.16		0.245213
31.17		0.245776
31.18		0.246337
31.19		0.246898
31.2		0.247457
31.21		0.248015
31.22		0.248572
31.23		0.249128
31.24		0.249683
31.25		0.250237
31.26		0.25079
31.27		0.251341
31.28		0.251891
31.29		0.252441
31.3		0.252989
31.31		0.253536
31.32		0.254082
31.33		0.254626
31.34		0.25517
31.35		0.255712
31.36		0.256254
31.37		0.256794
31.38		0.257333
31.39		0.257871
31.4		0.258407
31.41		0.258943
31.42		0.259477
31.43		0.26001
31.44		0.260542
31.45		0.261073
31.46		0.261603
31.47		0.262131
31.48		0.262658
31.49		0.263185
31.5		0.26371
31.51		0.264233
31.52		0.264756
31.53		0.265277
31.54		0.265798
31.55		0.266317
31.56		0.266834
31.57		0.267351
31.58		0.267866
31.59		0.268381
31.6		0.268894
31.61		0.269405
31.62		0.269916
31.63		0.270425
31.64		0.270934
31.65		0.27144
31.66		0.271946
31.67		0.272451
31.68		0.272954
31.69		0.273456
31.7		0.273957
31.71		0.274457
31.72		0.274955
31.73		0.275452
31.74		0.275948
31.75		0.276443
31.76		0.276936
31.77		0.277428
31.78		0.277919
31.79		0.278409
31.8		0.278897
31.81		0.279384
31.82		0.27987
31.83		0.280355
31.84		0.280839
31.85		0.281321
31.86		0.281802
31.87		0.282281
31.88		0.28276
31.89		0.283237
31.9		0.283712
31.91		0.284187
31.92		0.28466
31.93		0.285132
31.94		0.285603
31.95		0.286072
31.96		0.286541
31.97		0.287007
31.98		0.287473
31.99		0.287937
32		0.2884
32.01		0.288862
32.02		0.289322
32.03		0.289782
32.04		0.290239
32.05		0.290696
32.06		0.291151
32.07		0.291605
32.08		0.292058
32.09		0.292509
32.1		0.292959
32.11		0.293407
32.12		0.293855
32.13		0.294301
32.14		0.294745
32.15		0.295189
32.16		0.295631
32.17		0.296071
32.18		0.296511
32.19		0.296949
32.2		0.297386
32.21		0.297821
32.22		0.298255
32.23		0.298688
32.24		0.299119
32.25		0.299549
32.26		0.299978
32.27		0.300405
32.28		0.300831
32.29		0.301256
32.3		0.301679
32.31		0.302101
32.32		0.302522
32.33		0.302941
32.34		0.303359
32.35		0.303775
32.36		0.30419
32.37		0.304604
32.38		0.305016
32.39		0.305427
32.4		0.305837
32.41		0.306245
32.42		0.306652
32.43		0.307058
32.44		0.307462
32.45		0.307865
32.46		0.308266
32.47		0.308666
32.48		0.309065
32.49		0.309462
32.5		0.309858
32.51		0.310252
32.52		0.310645
32.53		0.311037
32.54		0.311427
32.55		0.311816
32.56		0.312204
32.57		0.31259
32.58		0.312974
32.59		0.313358
32.6		0.313739
32.61		0.31412
32.62		0.314499
32.63		0.314877
32.64		0.315253
32.65		0.315628
32.66		0.316001
32.67		0.316373
32.68		0.316744
32.69		0.317113
32.7		0.31748
32.71		0.317847
32.72		0.318211
32.73		0.318575
32.74		0.318937
32.75		0.319297
32.76		0.319657
32.77		0.320014
32.78		0.32037
32.79		0.320725
32.8		0.321079
32.81		0.321431
32.82		0.321781
32.83		0.32213
32.84		0.322478
32.85		0.322824
32.86		0.323169
32.87		0.323512
32.88		0.323854
32.89		0.324194
32.9		0.324533
32.91		0.32487
32.92		0.325206
32.93		0.325541
32.94		0.325874
32.95		0.326205
32.96		0.326536
32.97		0.326864
32.98		0.327191
32.99		0.327517
33		0.327841
33.01		0.328164
33.02		0.328486
33.03		0.328805
33.04		0.329124
33.05		0.329441
33.06		0.329756
33.07		0.33007
33.08		0.330382
33.09		0.330693
33.1		0.331003
33.11		0.331311
33.12		0.331617
33.13		0.331922
33.14		0.332226
33.15		0.332528
33.16		0.332829
33.17		0.333128
33.18		0.333425
33.19		0.333721
33.2		0.334016
33.21		0.334309
33.22		0.3346
33.23		0.33489
33.24		0.335179
33.25		0.335466
33.26		0.335752
33.27		0.336036
33.28		0.336318
33.29		0.336599
33.3		0.336879
33.31		0.337157
33.32		0.337433
33.33		0.337708
33.34		0.337982
33.35		0.338253
33.36		0.338524
33.37		0.338793
33.38		0.33906
33.39		0.339326
33.4		0.33959
33.41		0.339853
33.42		0.340114
33.43		0.340374
33.44		0.340632
33.45		0.340889
33.46		0.341144
33.47		0.341398
33.48		0.34165
33.49		0.341901
33.5		0.34215
33.51		0.342397
33.52		0.342643
33.53		0.342888
33.54		0.34313
33.55		0.343372
33.56		0.343612
33.57		0.34385
33.58		0.344087
33.59		0.344322
33.6		0.344555
33.61		0.344787
33.62		0.345018
33.63		0.345247
33.64		0.345474
33.65		0.3457
33.66		0.345925
33.67		0.346147
33.68		0.346369
33.69		0.346588
33.7		0.346806
33.71		0.347023
33.72		0.347238
33.73		0.347451
33.74		0.347663
33.75		0.347874
33.76		0.348082
33.77		0.34829
33.78		0.348495
33.79		0.348699
33.8		0.348902
33.81		0.349103
33.82		0.349302
33.83		0.3495
33.84		0.349696
33.85		0.349891
33.86		0.350084
33.87		0.350275
33.88		0.350465
33.89		0.350654
33.9		0.350841
33.91		0.351026
33.92		0.35121
33.93		0.351392
33.94		0.351572
33.95		0.351751
33.96		0.351928
33.97		0.352104
33.98		0.352278
33.99		0.352451
34		0.352622
34.01		0.352791
34.02		0.352959
34.03		0.353126
34.04		0.35329
34.05		0.353453
34.06		0.353615
34.07		0.353775
34.08		0.353933
34.09		0.35409
34.1		0.354245
34.11		0.354399
34.12		0.354551
34.13		0.354701
34.14		0.35485
34.15		0.354997
34.16		0.355143
34.17		0.355287
34.18		0.355429
34.19		0.35557
34.2		0.355709
34.21		0.355847
34.22		0.355983
34.23		0.356117
34.24		0.35625
34.25		0.356381
34.26		0.356511
34.27		0.356639
34.28		0.356765
34.29		0.35689
34.3		0.357013
34.31		0.357135
34.32		0.357255
34.33		0.357374
34.34		0.35749
34.35		0.357606
34.36		0.357719
34.37		0.357831
34.38		0.357942
34.39		0.35805
34.4		0.358158
34.41		0.358263
34.42		0.358367
34.43		0.35847
34.44		0.35857
34.45		0.358669
34.46		0.358767
34.47		0.358863
34.48		0.358957
34.49		0.35905
34.5		0.359141
34.51		0.35923
34.52		0.359318
34.53		0.359405
34.54		0.359489
34.55		0.359572
34.56		0.359654
34.57		0.359733
34.58		0.359812
34.59		0.359888
34.6		0.359963
34.61		0.360036
34.62		0.360108
34.63		0.360178
34.64		0.360247
34.65		0.360314
34.66		0.360379
34.67		0.360443
34.68		0.360505
34.69		0.360565
34.7		0.360624
34.71		0.360681
34.72		0.360736
34.73		0.36079
34.74		0.360843
34.75		0.360893
34.76		0.360942
34.77		0.36099
34.78		0.361036
34.79		0.36108
34.8		0.361123
34.81		0.361163
34.82		0.361203
34.83		0.361241
34.84		0.361277
34.85		0.361311
34.86		0.361344
34.87		0.361375
34.88		0.361405
34.89		0.361433
34.9		0.361459
34.91		0.361484
34.92		0.361507
34.93		0.361529
34.94		0.361548
34.95		0.361567
34.96		0.361583
34.97		0.361598
34.98		0.361612
34.99		0.361623
35		0.361634
35.01		0.361642
35.02		0.361649
35.03		0.361654
35.04		0.361658
35.05		0.36166
35.06		0.36166
35.07		0.361659
35.08		0.361656
35.09		0.361652
35.1		0.361646
35.11		0.361638
35.12		0.361629
35.13		0.361618
35.14		0.361605
35.15		0.361591
35.16		0.361575
35.17		0.361558
35.18		0.361539
35.19		0.361518
35.2		0.361496
35.21		0.361472
35.22		0.361446
35.23		0.361419
35.24		0.36139
35.25		0.36136
35.26		0.361328
35.27		0.361294
35.28		0.361259
35.29		0.361222
35.3		0.361183
35.31		0.361143
35.32		0.361101
35.33		0.361058
35.34		0.361013
35.35		0.360966
35.36		0.360918
35.37		0.360868
35.38		0.360816
35.39		0.360763
35.4		0.360708
35.41		0.360652
35.42		0.360594
35.43		0.360535
35.44		0.360473
35.45		0.36041
35.46		0.360346
35.47		0.36028
35.48		0.360212
35.49		0.360143
35.5		0.360072
35.51		0.359999
35.52		0.359925
35.53		0.359849
35.54		0.359772
35.55		0.359693
35.56		0.359612
35.57		0.35953
35.58		0.359446
35.59		0.359361
35.6		0.359274
35.61		0.359185
35.62		0.359095
35.63		0.359003
35.64		0.358909
35.65		0.358814
35.66		0.358718
35.67		0.358619
35.68		0.358519
35.69		0.358418
35.7		0.358315
35.71		0.35821
35.72		0.358103
35.73		0.357995
35.74		0.357886
35.75		0.357774
35.76		0.357662
35.77		0.357547
35.78		0.357431
35.79		0.357314
35.8		0.357194
35.81		0.357073
35.82		0.356951
35.83		0.356827
35.84		0.356701
35.85		0.356574
35.86		0.356445
35.87		0.356315
35.88		0.356183
35.89		0.356049
35.9		0.355914
35.91		0.355777
35.92		0.355638
35.93		0.355498
35.94		0.355357
35.95		0.355214
35.96		0.355069
35.97		0.354922
35.98		0.354774
35.99		0.354625
36		0.354474
36.01		0.354321
36.02		0.354166
36.03		0.35401
36.04		0.353853
36.05		0.353694
36.06		0.353533
36.07		0.353371
36.08		0.353207
36.09		0.353041
36.1		0.352874
36.11		0.352705
36.12		0.352535
36.13		0.352363
36.14		0.35219
36.15		0.352015
36.16		0.351838
36.17		0.35166
36.18		0.351481
36.19		0.351299
36.2		0.351116
36.21		0.350932
36.22		0.350746
36.23		0.350558
36.24		0.350369
36.25		0.350178
36.26		0.349986
36.27		0.349792
36.28		0.349597
36.29		0.3494
36.3		0.349201
36.31		0.349001
36.32		0.348799
36.33		0.348596
36.34		0.348391
36.35		0.348185
36.36		0.347977
36.37		0.347767
36.38		0.347556
36.39		0.347343
36.4		0.347129
36.41		0.346913
36.42		0.346696
36.43		0.346477
36.44		0.346256
36.45		0.346034
36.46		0.345811
36.47		0.345586
36.48		0.345359
36.49		0.345131
36.5		0.344901
36.51		0.34467
36.52		0.344437
36.53		0.344202
36.54		0.343966
36.55		0.343729
36.56		0.34349
36.57		0.343249
36.58		0.343007
36.59		0.342764
36.6		0.342518
36.61		0.342272
36.62		0.342023
36.63		0.341773
36.64		0.341522
36.65		0.341269
36.66		0.341015
36.67		0.340759
36.68		0.340501
36.69		0.340242
36.7		0.339982
36.71		0.33972
36.72		0.339456
36.73		0.339191
36.74		0.338924
36.75		0.338656
36.76		0.338387
36.77		0.338115
36.78		0.337843
36.79		0.337569
36.8		0.337293
36.81		0.337016
36.82		0.336737
36.83		0.336457
36.84		0.336175
36.85		0.335891
36.86		0.335607
36.87		0.33532
36.88		0.335033
36.89		0.334743
36.9		0.334452
36.91		0.33416
36.92		0.333866
36.93		0.333571
36.94		0.333274
36.95		0.332976
36.96		0.332676
36.97		0.332375
36.98		0.332072
36.99		0.331768
37		0.331462
37.01		0.331155
37.02		0.330846
37.03		0.330536
37.04		0.330224
37.05		0.329911
37.06		0.329596
37.07		0.32928
37.08		0.328962
37.09		0.328643
37.1		0.328322
37.11		0.328
37.12		0.327677
37.13		0.327352
37.14		0.327025
37.15		0.326697
37.16		0.326368
37.17		0.326037
37.18		0.325705
37.19		0.325371
37.2		0.325036
37.21		0.324699
37.22		0.324361
37.23		0.324021
37.24		0.32368
37.25		0.323338
37.26		0.322994
37.27		0.322648
37.28		0.322301
37.29		0.321953
37.3		0.321603
37.31		0.321252
37.32		0.320899
37.33		0.320545
37.34		0.32019
37.35		0.319833
37.36		0.319474
37.37		0.319114
37.38		0.318753
37.39		0.31839
37.4		0.318026
37.41		0.317661
37.42		0.317294
37.43		0.316925
37.44		0.316555
37.45		0.316184
37.46		0.315811
37.47		0.315437
37.48		0.315062
37.49		0.314685
37.5		0.314307
37.51		0.313927
37.52		0.313546
37.53		0.313163
37.54		0.312779
37.55		0.312394
37.56		0.312007
37.57		0.311619
37.58		0.311229
37.59		0.310838
37.6		0.310446
37.61		0.310052
37.62		0.309657
37.63		0.30926
37.64		0.308862
37.65		0.308463
37.66		0.308062
37.67		0.30766
37.68		0.307257
37.69		0.306852
37.7		0.306446
37.71		0.306038
37.72		0.305629
37.73		0.305219
37.74		0.304807
37.75		0.304394
37.76		0.303979
37.77		0.303564
37.78		0.303146
37.79		0.302728
37.8		0.302308
37.81		0.301887
37.82		0.301464
37.83		0.30104
37.84		0.300615
37.85		0.300188
37.86		0.29976
37.87		0.299331
37.88		0.2989
37.89		0.298468
37.9		0.298035
37.91		0.2976
37.92		0.297164
37.93		0.296726
37.94		0.296288
37.95		0.295848
37.96		0.295406
37.97		0.294964
37.98		0.29452
37.99		0.294074
38		0.293628
38.01		0.29318
38.02		0.29273
38.03		0.29228
38.04		0.291828
38.05		0.291374
38.06		0.29092
38.07		0.290464
38.08		0.290007
38.09		0.289548
38.1		0.289089
38.11		0.288628
38.12		0.288165
38.13		0.287702
38.14		0.287237
38.15		0.28677
38.16		0.286303
38.17		0.285834
38.18		0.285364
38.19		0.284893
38.2		0.28442
38.21		0.283946
38.22		0.283471
38.23		0.282994
38.24		0.282517
38.25		0.282038
38.26		0.281557
38.27		0.281076
38.28		0.280593
38.29		0.280109
38.3		0.279624
38.31		0.279137
38.32		0.278649
38.33		0.27816
38.34		0.27767
38.35		0.277178
38.36		0.276685
38.37		0.276191
38.38		0.275696
38.39		0.2752
38.4		0.274702
38.41		0.274203
38.42		0.273703
38.43		0.273201
38.44		0.272698
38.45		0.272195
38.46		0.271689
38.47		0.271183
38.48		0.270675
38.49		0.270167
38.5		0.269657
38.51		0.269145
38.52		0.268633
38.53		0.268119
38.54		0.267605
38.55		0.267089
38.56		0.266571
38.57		0.266053
38.58		0.265533
38.59		0.265012
38.6		0.26449
38.61		0.263967
38.62		0.263443
38.63		0.262917
38.64		0.262391
38.65		0.261863
38.66		0.261334
38.67		0.260803
38.68		0.260272
38.69		0.259739
38.7		0.259206
38.71		0.258671
38.72		0.258135
38.73		0.257597
38.74		0.257059
38.75		0.256519
38.76		0.255979
38.77		0.255437
38.78		0.254894
38.79		0.25435
38.8		0.253804
38.81		0.253258
38.82		0.25271
38.83		0.252162
38.84		0.251612
38.85		0.251061
38.86		0.250509
38.87		0.249956
38.88		0.249401
38.89		0.248846
38.9		0.248289
38.91		0.247732
38.92		0.247173
38.93		0.246613
38.94		0.246052
38.95		0.24549
38.96		0.244926
38.97		0.244362
38.98		0.243797
38.99		0.24323
39		0.242663
39.01		0.242094
39.02		0.241524
39.03		0.240953
39.04		0.240381
39.05		0.239808
39.06		0.239234
39.07		0.238659
39.08		0.238083
39.09		0.237506
39.1		0.236927
39.11		0.236348
39.12		0.235767
39.13		0.235186
39.14		0.234603
39.15		0.234019
39.16		0.233435
39.17		0.232849
39.18		0.232262
39.19		0.231674
39.2		0.231085
39.21		0.230495
39.22		0.229904
39.23		0.229312
39.24		0.228719
39.25		0.228125
39.26		0.22753
39.27		0.226934
39.28		0.226337
39.29		0.225739
39.3		0.22514
39.31		0.22454
39.32		0.223938
39.33		0.223336
39.34		0.222733
39.35		0.222129
39.36		0.221524
39.37		0.220917
39.38		0.22031
39.39		0.219702
39.4		0.219093
39.41		0.218483
39.42		0.217872
39.43		0.21726
39.44		0.216647
39.45		0.216033
39.46		0.215418
39.47		0.214802
39.48		0.214185
39.49		0.213567
39.5		0.212948
39.51		0.212328
39.52		0.211708
39.53		0.211086
39.54		0.210463
39.55		0.20984
39.56		0.209215
39.57		0.20859
39.58		0.207963
39.59		0.207336
39.6		0.206708
39.61		0.206078
39.62		0.205448
39.63		0.204817
39.64		0.204185
39.65		0.203552
39.66		0.202918
39.67		0.202284
39.68		0.201648
39.69		0.201012
39.7		0.200374
39.71		0.199736
39.72		0.199097
39.73		0.198457
39.74		0.197816
39.75		0.197174
39.76		0.196531
39.77		0.195887
39.78		0.195243
39.79		0.194597
39.8		0.193951
39.81		0.193304
39.82		0.192656
39.83		0.192007
39.84		0.191357
39.85		0.190706
39.86		0.190055
39.87		0.189403
39.88		0.18875
39.89		0.188095
39.9		0.187441
39.91		0.186785
39.92		0.186128
39.93		0.185471
39.94		0.184813
39.95		0.184154
39.96		0.183494
39.97		0.182833
39.98		0.182172
39.99		0.181509
40		0.180846
40.01		0.180226
40.02		0.179643
40.03		0.179062
40.04		0.178483
40.05		0.177906
40.06		0.177331
40.07		0.176757
40.08		0.176186
40.09		0.175616
40.1		0.175048
40.11		0.174482
40.12		0.173918
40.13		0.173356
40.14		0.172795
40.15		0.172236
40.16		0.171679
40.17		0.171124
40.18		0.17057
40.19		0.170019
40.2		0.169469
40.21		0.168921
40.22		0.168374
40.23		0.16783
40.24		0.167287
40.25		0.166746
40.26		0.166206
40.27		0.165669
40.28		0.165133
40.29		0.164598
40.3		0.164066
40.31		0.163535
40.32		0.163006
40.33		0.162479
40.34		0.161953
40.35		0.161429
40.36		0.160907
40.37		0.160386
40.38		0.159867
40.39		0.15935
40.4		0.158834
40.41		0.15832
40.42		0.157808
40.43		0.157297
40.44		0.156788
40.45		0.156281
40.46		0.155775
40.47		0.155271
40.48		0.154768
40.49		0.154267
40.5		0.153768
40.51		0.15327
40.52		0.152774
40.53		0.152279
40.54		0.151786
40.55		0.151295
40.56		0.150805
40.57		0.150317
40.58		0.14983
40.59		0.149345
40.6		0.148862
40.61		0.14838
40.62		0.147899
40.63		0.14742
40.64		0.146943
40.65		0.146467
40.66		0.145993
40.67		0.14552
40.68		0.145049
40.69		0.144579
40.7		0.144111
40.71		0.143644
40.72		0.143179
40.73		0.142715
40.74		0.142253
40.75		0.141792
40.76		0.141332
40.77		0.140875
40.78		0.140418
40.79		0.139963
40.8		0.13951
40.81		0.139058
40.82		0.138607
40.83		0.138158
40.84		0.137711
40.85		0.137264
40.86		0.136819
40.87		0.136376
40.88		0.135934
40.89		0.135494
40.9		0.135054
40.91		0.134617
40.92		0.13418
40.93		0.133745
40.94		0.133312
40.95		0.13288
40.96		0.132449
40.97		0.13202
40.98		0.131592
40.99		0.131165
41		0.13074
41.01		0.130316
41.02		0.129893
41.03		0.129472
41.04		0.129052
41.05		0.128634
41.06		0.128217
41.07		0.127801
41.08		0.127386
41.09		0.126973
41.1		0.126561
41.11		0.126151
41.12		0.125742
41.13		0.125334
41.14		0.124927
41.15		0.124522
41.16		0.124118
41.17		0.123715
41.18		0.123314
41.19		0.122914
41.2		0.122515
41.21		0.122117
41.22		0.121721
41.23		0.121326
41.24		0.120932
41.25		0.12054
41.26		0.120149
41.27		0.119759
41.28		0.11937
41.29		0.118982
41.3		0.118596
41.31		0.118211
41.32		0.117827
41.33		0.117445
41.34		0.117063
41.35		0.116683
41.36		0.116304
41.37		0.115927
41.38		0.11555
41.39		0.115175
41.4		0.114801
41.41		0.114428
41.42		0.114056
41.43		0.113686
41.44		0.113316
41.45		0.112948
41.46		0.112581
41.47		0.112216
41.48		0.111851
41.49		0.111488
41.5		0.111125
41.51		0.110764
41.52		0.110404
41.53		0.110045
41.54		0.109688
41.55		0.109331
41.56		0.108976
41.57		0.108622
41.58		0.108268
41.59		0.107916
41.6		0.107566
41.61		0.107216
41.62		0.106867
41.63		0.10652
41.64		0.106173
41.65		0.105828
41.66		0.105484
41.67		0.105141
41.68		0.104799
41.69		0.104458
41.7		0.104118
41.71		0.103779
41.72		0.103441
41.73		0.103105
41.74		0.102769
41.75		0.102435
41.76		0.102102
41.77		0.101769
41.78		0.101438
41.79		0.101108
41.8		0.100779
41.81		0.100451
41.82		0.100124
41.83		0.0997976
41.84		0.0994726
41.85		0.0991487
41.86		0.0988258
41.87		0.098504
41.88		0.0981831
41.89		0.0978633
41.9		0.0975445
41.91		0.0972268
41.92		0.09691
41.93		0.0965943
41.94		0.0962795
41.95		0.0959658
41.96		0.0956531
41.97		0.0953413
41.98		0.0950306
41.99		0.0947208
42		0.0944121
42.01		0.0941043
42.02		0.0937975
42.03		0.0934916
42.04		0.0931868
42.05		0.0928829
42.06		0.09258
42.07		0.0922781
42.08		0.0919771
42.09		0.091677
42.1		0.091378
42.11		0.0910799
42.12		0.0907827
42.13		0.0904865
42.14		0.0901912
42.15		0.0898968
42.16		0.0896034
42.17		0.089311
42.18		0.0890194
42.19		0.0887288
42.2		0.0884391
42.21		0.0881503
42.22		0.0878625
42.23		0.0875756
42.24		0.0872895
42.25		0.0870044
42.26		0.0867202
42.27		0.0864369
42.28		0.0861545
42.29		0.085873
42.3		0.0855924
42.31		0.0853127
42.32		0.0850339
42.33		0.0847559
42.34		0.0844789
42.35		0.0842027
42.36		0.0839274
42.37		0.083653
42.38		0.0833794
42.39		0.0831068
42.4		0.0828349
42.41		0.082564
42.42		0.0822939
42.43		0.0820247
42.44		0.0817563
42.45		0.0814887
42.46		0.0812221
42.47		0.0809562
42.48		0.0806912
42.49		0.0804271
42.5		0.0801638
42.51		0.0799013
42.52		0.0796397
42.53		0.0793788
42.54		0.0791189
42.55		0.0788597
42.56		0.0786014
42.57		0.0783438
42.58		0.0780871
42.59		0.0778312
42.6		0.0775762
42.61		0.0773219
42.62		0.0770684
42.63		0.0768158
42.64		0.0765639
42.65		0.0763128
42.66		0.0760626
42.67		0.0758131
42.68		0.0755644
42.69		0.0753165
42.7		0.0750694
42.71		0.0748231
42.72		0.0745775
42.73		0.0743327
42.74		0.0740887
42.75		0.0738455
42.76		0.073603
42.77		0.0733613
42.78		0.0731204
42.79		0.0728803
42.8		0.0726408
42.81		0.0724022
42.82		0.0721643
42.83		0.0719272
42.84		0.0716908
42.85		0.0714551
42.86		0.0712202
42.87		0.0709861
42.88		0.0707526
42.89		0.07052
42.9		0.070288
42.91		0.0700568
42.92		0.0698263
42.93		0.0695966
42.94		0.0693675
42.95		0.0691392
42.96		0.0689116
42.97		0.0686848
42.98		0.0684586
42.99		0.0682332
43		0.0680084
43.01		0.0677844
43.02		0.0675611
43.03		0.0673385
43.04		0.0671166
43.05		0.0668954
43.06		0.0666748
43.07		0.066455
43.08		0.0662359
43.09		0.0660175
43.1		0.0657997
43.11		0.0655827
43.12		0.0653663
43.13		0.0651506
43.14		0.0649356
43.15		0.0647212
43.16		0.0645076
43.17		0.0642946
43.18		0.0640822
43.19		0.0638706
43.2		0.0636596
43.21		0.0634493
43.22		0.0632396
43.23		0.0630306
43.24		0.0628222
43.25		0.0626145
43.26		0.0624075
43.27		0.0622011
43.28		0.0619954
43.29		0.0617903
43.3		0.0615858
43.31		0.061382
43.32		0.0611788
43.33		0.0609763
43.34		0.0607744
43.35		0.0605731
43.36		0.0603725
43.37		0.0601725
43.38		0.0599731
43.39		0.0597743
43.4		0.0595762
43.41		0.0593787
43.42		0.0591818
43.43		0.0589855
43.44		0.0587898
43.45		0.0585948
43.46		0.0584004
43.47		0.0582065
43.48		0.0580133
43.49		0.0578207
43.5		0.0576287
43.51		0.0574373
43.52		0.0572464
43.53		0.0570562
43.54		0.0568666
43.55		0.0566776
43.56		0.0564891
43.57		0.0563013
43.58		0.056114
43.59		0.0559273
43.6		0.0557412
43.61		0.0555557
43.62		0.0553707
43.63		0.0551864
43.64		0.0550026
43.65		0.0548194
43.66		0.0546367
43.67		0.0544547
43.68		0.0542732
43.69		0.0540922
43.7		0.0539118
43.71		0.053732
43.72		0.0535528
43.73		0.0533741
43.74		0.0531959
43.75		0.0530183
43.76		0.0528413
43.77		0.0526648
43.78		0.0524889
43.79		0.0523135
43.8		0.0521387
43.81		0.0519644
43.82		0.0517906
43.83		0.0516174
43.84		0.0514447
43.85		0.0512725
43.86		0.0511009
43.87		0.0509299
43.88		0.0507593
43.89		0.0505893
43.9		0.0504198
43.91		0.0502508
43.92		0.0500824
43.93		0.0499145
43.94		0.0497471
43.95		0.0495802
43.96		0.0494138
43.97		0.049248
43.98		0.0490826
43.99		0.0489178
44		0.0487535
44.01		0.0485897
44.02		0.0484264
44.03		0.0482636
44.04		0.0481013
44.05		0.0479395
44.06		0.0477782
44.07		0.0476174
44.08		0.0474571
44.09		0.0472973
44.1		0.047138
44.11		0.0469792
44.12		0.0468209
44.13		0.046663
44.14		0.0465057
44.15		0.0463488
44.16		0.0461924
44.17		0.0460365
44.18		0.0458811
44.19		0.0457261
44.2		0.0455716
44.21		0.0454176
44.22		0.0452641
44.23		0.0451111
44.24		0.0449585
44.25		0.0448064
44.26		0.0446547
44.27		0.0445035
44.28		0.0443528
44.29		0.0442026
44.3		0.0440528
44.31		0.0439034
44.32		0.0437545
44.33		0.0436061
44.34		0.0434582
44.35		0.0433106
44.36		0.0431636
44.37		0.043017
44.38		0.0428708
44.39		0.0427251
44.4		0.0425798
44.41		0.042435
44.42		0.0422906
44.43		0.0421466
44.44		0.0420031
44.45		0.04186
44.46		0.0417174
44.47		0.0415752
44.48		0.0414334
44.49		0.0412921
44.5		0.0411512
44.51		0.0410107
44.52		0.0408707
44.53		0.0407311
44.54		0.0405919
44.55		0.0404531
44.56		0.0403147
44.57		0.0401768
44.58		0.0400393
44.59		0.0399022
44.6		0.0397655
44.61		0.0396292
44.62		0.0394934
44.63		0.0393579
44.64		0.0392229
44.65		0.0390883
44.66		0.0389541
44.67		0.0388202
44.68		0.0386868
44.69		0.0385538
44.7		0.0384212
44.71		0.038289
44.72		0.0381572
44.73		0.0380258
44.74		0.0378948
44.75		0.0377642
44.76		0.037634
44.77		0.0375042
44.78		0.0373747
44.79		0.0372457
44.8		0.037117
44.81		0.0369887
44.82		0.0368609
44.83		0.0367333
44.84		0.0366062
44.85		0.0364795
44.86		0.0363531
44.87		0.0362271
44.88		0.0361015
44.89		0.0359763
44.9		0.0358515
44.91		0.035727
44.92		0.0356029
44.93		0.0354792
44.94		0.0353558
44.95		0.0352328
44.96		0.0351102
44.97		0.0349879
44.98		0.034866
44.99		0.0347445
45		0.0346233
45.01		0.0345025
45.02		0.034382
45.03		0.0342619
45.04		0.0341422
45.05		0.0340228
45.06		0.0339038
45.07		0.0337851
45.08		0.0336668
45.09		0.0335488
45.1		0.0334312
45.11		0.0333139
45.12		0.033197
45.13		0.0330804
45.14		0.0329642
45.15		0.0328483
45.16		0.0327327
45.17		0.0326175
45.18		0.0325027
45.19		0.0323881
45.2		0.0322739
45.21		0.0321601
45.22		0.0320466
45.23		0.0319334
45.24		0.0318205
45.25		0.031708
45.26		0.0315958
45.27		0.0314839
45.28		0.0313724
45.29		0.0312612
45.3		0.0311503
45.31		0.0310398
45.32		0.0309295
45.33		0.0308196
45.34		0.03071
45.35		0.0306008
45.36		0.0304918
45.37		0.0303832
45.38		0.0302749
45.39		0.0301669
45.4		0.0300592
45.41		0.0299518
45.42		0.0298447
45.43		0.029738
45.44		0.0296315
45.45		0.0295254
45.46		0.0294196
45.47		0.0293141
45.48		0.0292089
45.49		0.0291039
45.5		0.0289993
45.51		0.028895
45.52		0.028791
45.53		0.0286873
45.54		0.0285839
45.55		0.0284808
45.56		0.028378
45.57		0.0282755
45.58		0.0281733
45.59		0.0280714
45.6		0.0279697
45.61		0.0278684
45.62		0.0277673
45.63		0.0276666
45.64		0.0275661
45.65		0.0274659
45.66		0.027366
45.67		0.0272664
45.68		0.0271671
45.69		0.027068
45.7		0.0269693
45.71		0.0268708
45.72		0.0267726
45.73		0.0266747
45.74		0.026577
45.75		0.0264796
45.76		0.0263826
45.77		0.0262857
45.78		0.0261892
45.79		0.0260929
45.8		0.0259969
45.81		0.0259012
45.82		0.0258057
45.83		0.0257105
45.84		0.0256156
45.85		0.025521
45.86		0.0254266
45.87		0.0253325
45.88		0.0252386
45.89		0.025145
45.9		0.0250517
45.91		0.0249586
45.92		0.0248658
45.93		0.0247732
45.94		0.0246809
45.95		0.0245889
45.96		0.0244971
45.97		0.0244056
45.98		0.0243143
45.99		0.0242233
46		0.0241325
46.01		0.024042
46.02		0.0239517
46.03		0.0238617
46.04		0.0237719
46.05		0.0236824
46.06		0.0235932
46.07		0.0235041
46.08		0.0234153
46.09		0.0233268
46.1		0.0232385
46.11		0.0231505
46.12		0.0230626
46.13		0.0229751
46.14		0.0228877
46.15		0.0228006
46.16		0.0227138
46.17		0.0226272
46.18		0.0225408
46.19		0.0224546
46.2		0.0223687
46.21		0.022283
46.22		0.0221976
46.23		0.0221124
46.24		0.0220274
46.25		0.0219426
46.26		0.0218581
46.27		0.0217738
46.28		0.0216897
46.29		0.0216059
46.3		0.0215223
46.31		0.0214389
46.32		0.0213557
46.33		0.0212727
46.34		0.02119
46.35		0.0211075
46.36		0.0210252
46.37		0.0209431
46.38		0.0208613
46.39		0.0207796
46.4		0.0206982
46.41		0.020617
46.42		0.020536
46.43		0.0204552
46.44		0.0203747
46.45		0.0202943
46.46		0.0202142
46.47		0.0201343
46.48		0.0200545
46.49		0.019975
46.5		0.0198957
46.51		0.0198166
46.52		0.0197378
46.53		0.0196591
46.54		0.0195806
46.55		0.0195023
46.56		0.0194243
46.57		0.0193464
46.58		0.0192687
46.59		0.0191913
46.6		0.019114
46.61		0.0190369
46.62		0.0189601
46.63		0.0188834
46.64		0.0188069
46.65		0.0187307
46.66		0.0186546
46.67		0.0185787
46.68		0.018503
46.69		0.0184275
46.7		0.0183522
46.71		0.0182771
46.72		0.0182021
46.73		0.0181274
46.74		0.0180529
46.75		0.0179785
46.76		0.0179043
46.77		0.0178303
46.78		0.0177565
46.79		0.0176829
46.8		0.0176095
46.81		0.0175362
46.82		0.0174632
46.83		0.0173903
46.84		0.0173176
46.85		0.0172451
46.86		0.0171727
46.87		0.0171006
46.88		0.0170286
46.89		0.0169568
46.9		0.0168852
46.91		0.0168137
46.92		0.0167424
46.93		0.0166713
46.94		0.0166004
46.95		0.0165296
46.96		0.016459
46.97		0.0163886
46.98		0.0163184
46.99		0.0162483
47		0.0161784
47.01		0.0161087
47.02		0.0160391
47.03		0.0159697
47.04		0.0159005
47.05		0.0158314
47.06		0.0157625
47.07		0.0156938
47.08		0.0156252
47.09		0.0155568
47.1		0.0154885
47.11		0.0154204
47.12		0.0153525
47.13		0.0152847
47.14		0.0152171
47.15		0.0151497
47.16		0.0150824
47.17		0.0150153
47.18		0.0149483
47.19		0.0148815
47.2		0.0148148
47.21		0.0147483
47.22		0.0146819
47.23		0.0146157
47.24		0.0145497
47.25		0.0144838
47.26		0.014418
47.27		0.0143524
47.28		0.0142869
47.29		0.0142216
47.3		0.0141565
47.31		0.0140915
47.32		0.0140266
47.33		0.0139619
47.34		0.0138973
47.35		0.0138329
47.36		0.0137686
47.37		0.0137045
47.38		0.0136405
47.39		0.0135767
47.4		0.0135129
47.41		0.0134494
47.42		0.0133859
47.43		0.0133227
47.44		0.0132595
47.45		0.0131965
47.46		0.0131336
47.47		0.0130709
47.48		0.0130083
47.49		0.0129458
47.5		0.0128835
47.51		0.0128213
47.52		0.0127592
47.53		0.0126973
47.54		0.0126355
47.55		0.0125738
47.56		0.0125123
47.57		0.0124509
47.58		0.0123896
47.59		0.0123285
47.6		0.0122674
47.61		0.0122066
47.62		0.0121458
47.63		0.0120852
47.64		0.0120246
47.65		0.0119643
47.66		0.011904
47.67		0.0118439
47.68		0.0117838
47.69		0.011724
47.7		0.0116642
47.71		0.0116045
47.72		0.011545
47.73		0.0114856
47.74		0.0114263
47.75		0.0113672
47.76		0.0113081
47.77		0.0112492
47.78		0.0111904
47.79		0.0111317
47.8		0.0110731
47.81		0.0110146
47.82		0.0109563
47.83		0.010898
47.84		0.0108399
47.85		0.0107819
47.86		0.010724
47.87		0.0106662
47.88		0.0106086
47.89		0.010551
47.9		0.0104935
47.91		0.0104362
47.92		0.010379
47.93		0.0103218
47.94		0.0102648
47.95		0.0102079
47.96		0.0101511
47.97		0.0100944
47.98		0.0100378
47.99		0.0099813
48		0.00992491
48.01		0.00986863
48.02		0.00981245
48.03		0.00975637
48.04		0.00970039
48.05		0.00964452
48.06		0.00958874
48.07		0.00953306
48.08		0.00947749
48.09		0.00942201
48.1		0.00936663
48.11		0.00931135
48.12		0.00925617
48.13		0.00920108
48.14		0.00914609
48.15		0.00909119
48.16		0.00903639
48.17		0.00898168
48.18		0.00892707
48.19		0.00887254
48.2		0.00881812
48.21		0.00876378
48.22		0.00870953
48.23		0.00865538
48.24		0.00860131
48.25		0.00854734
48.26		0.00849345
48.27		0.00843966
48.28		0.00838595
48.29		0.00833232
48.3		0.00827879
48.31		0.00822534
48.32		0.00817198
48.33		0.0081187
48.34		0.00806551
48.35		0.0080124
48.36		0.00795937
48.37		0.00790643
48.38		0.00785357
48.39		0.00780079
48.4		0.00774809
48.41		0.00769547
48.42		0.00764294
48.43		0.00759048
48.44		0.0075381
48.45		0.0074858
48.46		0.00743358
48.47		0.00738144
48.48		0.00732937
48.49		0.00727738
48.5		0.00722547
48.51		0.00717363
48.52		0.00712186
48.53		0.00707017
48.54		0.00701855
48.55		0.00696701
48.56		0.00691554
48.57		0.00686414
48.58		0.00681281
48.59		0.00676156
48.6		0.00671037
48.61		0.00665926
48.62		0.00660821
48.63		0.00655723
48.64		0.00650632
48.65		0.00645548
48.66		0.00640471
48.67		0.006354
48.68		0.00630336
48.69		0.00625278
48.7		0.00620227
48.71		0.00615182
48.72		0.00610144
48.73		0.00605112
48.74		0.00600087
48.75		0.00595068
48.76		0.00590055
48.77		0.00585048
48.78		0.00580047
48.79		0.00575052
48.8		0.00570063
48.81		0.0056508
48.82		0.00560103
48.83		0.00555132
48.84		0.00550167
48.85		0.00545207
48.86		0.00540254
48.87		0.00535305
48.88		0.00530363
48.89		0.00525425
48.9		0.00520494
48.91		0.00515567
48.92		0.00510646
48.93		0.00505731
48.94		0.00500821
48.95		0.00495915
48.96		0.00491016
48.97		0.00486121
48.98		0.00481231
48.99		0.00476346
49		0.00471466
49.01		0.00466592
49.02		0.00461722
49.03		0.00456856
49.04		0.00451996
49.05		0.0044714
49.06		0.00442289
49.07		0.00437443
49.08		0.00432601
49.09		0.00427764
49.1		0.00422931
49.11		0.00418102
49.12		0.00413278
49.13		0.00408458
49.14		0.00403643
49.15		0.00398831
49.16		0.00394024
49.17		0.00389221
49.18		0.00384422
49.19		0.00379627
49.2		0.00374836
49.21		0.00370048
49.22		0.00365265
49.23		0.00360485
49.24		0.0035571
49.25		0.00350938
49.26		0.00346169
49.27		0.00341404
49.28		0.00336643
49.29		0.00331885
49.3		0.00327131
49.31		0.0032238
49.32		0.00317633
49.33		0.00312888
49.34		0.00308148
49.35		0.0030341
49.36		0.00298675
49.37		0.00293944
49.38		0.00289215
49.39		0.0028449
49.4		0.00279768
49.41		0.00275048
49.42		0.00270331
49.43		0.00265618
49.44		0.00260907
49.45		0.00256198
49.46		0.00251493
49.47		0.00246789
49.48		0.00242089
49.49		0.00237391
49.5		0.00232696
49.51		0.00228003
49.52		0.00223312
49.53		0.00218624
49.54		0.00213937
49.55		0.00209254
49.56		0.00204572
49.57		0.00199892
49.58		0.00195215
49.59		0.0019054
49.6		0.00185866
49.61		0.00181195
49.62		0.00176525
49.63		0.00171857
49.64		0.00167191
49.65		0.00162527
49.66		0.00157865
49.67		0.00153204
49.68		0.00148544
49.69		0.00143887
49.7		0.0013923
49.71		0.00134576
49.72		0.00129922
49.73		0.0012527
49.74		0.00120619
49.75		0.0011597
49.76		0.00111322
49.77		0.00106675
49.78		0.00102029
49.79		0.000973836
49.8		0.000927397
49.81		0.000880968
49.82		0.000834547
49.83		0.000788136
49.84		0.000741732
49.85		0.000695337
49.86		0.000648948
49.87		0.000602566
49.88		0.000556191
49.89		0.000509821
49.9		0.000463457
49.91		0.000417098
49.92		0.000370742
49.93		0.000324391
49.94		0.000278043
49.95		0.000231698
49.96		0.000185356
49.97		0.000139015
49.98		9.2676e-05
49.99		4.63377e-05
