x	 	y	 	m_eff	 	Ev_hh	 	Ev_lh	 	Ev_so	 	Ec	 	Eg
0.000	 	0.790	 	0.061	 	-0.739	 	-0.848	 	-1.271	 	0.854	 	1.594	 	
0.001	 	0.790	 	0.061	 	-0.739	 	-0.847	 	-1.270	 	0.855	 	1.594	 	
0.002	 	0.790	 	0.061	 	-0.739	 	-0.847	 	-1.269	 	0.855	 	1.594	 	
0.003	 	0.790	 	0.061	 	-0.738	 	-0.847	 	-1.268	 	0.856	 	1.594	 	
0.004	 	0.790	 	0.061	 	-0.738	 	-0.846	 	-1.267	 	0.856	 	1.594	 	
0.005	 	0.790	 	0.062	 	-0.737	 	-0.846	 	-1.266	 	0.857	 	1.594	 	
0.006	 	0.790	 	0.062	 	-0.737	 	-0.845	 	-1.265	 	0.857	 	1.594	 	
0.007	 	0.790	 	0.062	 	-0.737	 	-0.845	 	-1.264	 	0.858	 	1.595	 	
0.008	 	0.790	 	0.062	 	-0.736	 	-0.845	 	-1.263	 	0.858	 	1.595	 	
0.009	 	0.790	 	0.062	 	-0.736	 	-0.844	 	-1.262	 	0.859	 	1.595	 	
0.010	 	0.790	 	0.062	 	-0.736	 	-0.844	 	-1.262	 	0.859	 	1.595	 	
0.011	 	0.790	 	0.062	 	-0.735	 	-0.844	 	-1.261	 	0.860	 	1.595	 	
0.012	 	0.790	 	0.062	 	-0.735	 	-0.844	 	-1.260	 	0.860	 	1.596	 	
0.013	 	0.790	 	0.062	 	-0.735	 	-0.843	 	-1.259	 	0.861	 	1.596	 	
0.014	 	0.790	 	0.062	 	-0.735	 	-0.843	 	-1.258	 	0.862	 	1.596	 	
0.015	 	0.790	 	0.062	 	-0.734	 	-0.843	 	-1.257	 	0.862	 	1.596	 	
0.016	 	0.790	 	0.063	 	-0.734	 	-0.842	 	-1.257	 	0.863	 	1.597	 	
0.017	 	0.790	 	0.063	 	-0.734	 	-0.842	 	-1.256	 	0.863	 	1.597	 	
0.018	 	0.790	 	0.063	 	-0.734	 	-0.842	 	-1.255	 	0.864	 	1.597	 	
0.019	 	0.790	 	0.063	 	-0.733	 	-0.842	 	-1.254	 	0.864	 	1.598	 	
0.020	 	0.790	 	0.063	 	-0.733	 	-0.842	 	-1.254	 	0.865	 	1.598	 	
0.021	 	0.790	 	0.063	 	-0.733	 	-0.841	 	-1.253	 	0.866	 	1.599	 	
0.022	 	0.790	 	0.063	 	-0.733	 	-0.841	 	-1.252	 	0.866	 	1.599	 	
0.023	 	0.790	 	0.063	 	-0.733	 	-0.841	 	-1.252	 	0.867	 	1.599	 	
0.024	 	0.790	 	0.063	 	-0.732	 	-0.841	 	-1.251	 	0.867	 	1.600	 	
0.025	 	0.790	 	0.063	 	-0.732	 	-0.841	 	-1.250	 	0.868	 	1.600	 	
0.026	 	0.790	 	0.063	 	-0.732	 	-0.840	 	-1.250	 	0.869	 	1.601	 	
0.027	 	0.790	 	0.063	 	-0.732	 	-0.840	 	-1.249	 	0.869	 	1.601	 	
0.028	 	0.790	 	0.064	 	-0.732	 	-0.840	 	-1.248	 	0.870	 	1.602	 	
0.029	 	0.790	 	0.064	 	-0.732	 	-0.840	 	-1.248	 	0.870	 	1.602	 	
0.030	 	0.790	 	0.064	 	-0.732	 	-0.840	 	-1.247	 	0.871	 	1.603	 	
0.031	 	0.790	 	0.064	 	-0.732	 	-0.840	 	-1.247	 	0.872	 	1.603	 	
0.032	 	0.790	 	0.064	 	-0.731	 	-0.840	 	-1.246	 	0.872	 	1.604	 	
0.033	 	0.790	 	0.064	 	-0.731	 	-0.840	 	-1.246	 	0.873	 	1.604	 	
0.034	 	0.790	 	0.064	 	-0.731	 	-0.840	 	-1.245	 	0.874	 	1.605	 	
0.035	 	0.790	 	0.064	 	-0.731	 	-0.839	 	-1.245	 	0.874	 	1.605	 	
0.036	 	0.790	 	0.064	 	-0.731	 	-0.839	 	-1.244	 	0.875	 	1.606	 	
0.037	 	0.790	 	0.064	 	-0.731	 	-0.839	 	-1.244	 	0.876	 	1.607	 	
0.038	 	0.790	 	0.064	 	-0.731	 	-0.839	 	-1.243	 	0.876	 	1.607	 	
0.039	 	0.790	 	0.065	 	-0.731	 	-0.839	 	-1.243	 	0.877	 	1.608	 	
0.040	 	0.790	 	0.065	 	-0.731	 	-0.839	 	-1.242	 	0.878	 	1.608	 	
0.041	 	0.790	 	0.065	 	-0.731	 	-0.839	 	-1.242	 	0.878	 	1.609	 	
0.042	 	0.790	 	0.065	 	-0.731	 	-0.839	 	-1.241	 	0.879	 	1.610	 	
0.043	 	0.790	 	0.065	 	-0.731	 	-0.839	 	-1.241	 	0.880	 	1.610	 	
0.044	 	0.790	 	0.065	 	-0.731	 	-0.839	 	-1.241	 	0.880	 	1.611	 	
0.045	 	0.790	 	0.065	 	-0.731	 	-0.839	 	-1.240	 	0.881	 	1.612	 	
0.046	 	0.790	 	0.065	 	-0.731	 	-0.839	 	-1.240	 	0.882	 	1.612	 	
0.047	 	0.790	 	0.065	 	-0.731	 	-0.839	 	-1.239	 	0.882	 	1.613	 	
0.048	 	0.790	 	0.065	 	-0.731	 	-0.839	 	-1.239	 	0.883	 	1.614	 	
0.049	 	0.790	 	0.065	 	-0.731	 	-0.839	 	-1.239	 	0.884	 	1.614	 	
0.050	 	0.790	 	0.065	 	-0.731	 	-0.839	 	-1.238	 	0.884	 	1.615	 	
0.051	 	0.790	 	0.066	 	-0.731	 	-0.839	 	-1.238	 	0.885	 	1.616	 	
0.052	 	0.790	 	0.066	 	-0.731	 	-0.839	 	-1.238	 	0.886	 	1.617	 	
0.053	 	0.790	 	0.066	 	-0.731	 	-0.839	 	-1.237	 	0.887	 	1.617	 	
0.054	 	0.790	 	0.066	 	-0.731	 	-0.839	 	-1.237	 	0.887	 	1.618	 	
0.055	 	0.790	 	0.066	 	-0.731	 	-0.839	 	-1.237	 	0.888	 	1.619	 	
0.056	 	0.790	 	0.066	 	-0.731	 	-0.839	 	-1.236	 	0.889	 	1.620	 	
0.057	 	0.790	 	0.066	 	-0.731	 	-0.839	 	-1.236	 	0.890	 	1.621	 	
0.058	 	0.790	 	0.066	 	-0.731	 	-0.839	 	-1.236	 	0.890	 	1.621	 	
0.059	 	0.790	 	0.066	 	-0.731	 	-0.839	 	-1.236	 	0.891	 	1.622	 	
0.060	 	0.790	 	0.066	 	-0.731	 	-0.839	 	-1.235	 	0.892	 	1.623	 	
0.061	 	0.790	 	0.066	 	-0.731	 	-0.840	 	-1.235	 	0.893	 	1.624	 	
0.062	 	0.790	 	0.067	 	-0.731	 	-0.840	 	-1.235	 	0.893	 	1.625	 	
0.063	 	0.790	 	0.067	 	-0.731	 	-0.840	 	-1.235	 	0.894	 	1.625	 	
0.064	 	0.790	 	0.067	 	-0.731	 	-0.840	 	-1.234	 	0.895	 	1.626	 	
0.065	 	0.790	 	0.067	 	-0.732	 	-0.840	 	-1.234	 	0.896	 	1.627	 	
0.066	 	0.790	 	0.067	 	-0.732	 	-0.840	 	-1.234	 	0.896	 	1.628	 	
0.067	 	0.790	 	0.067	 	-0.732	 	-0.840	 	-1.234	 	0.897	 	1.629	 	
0.068	 	0.790	 	0.067	 	-0.732	 	-0.840	 	-1.234	 	0.898	 	1.630	 	
0.069	 	0.790	 	0.067	 	-0.732	 	-0.840	 	-1.233	 	0.899	 	1.631	 	
0.070	 	0.790	 	0.067	 	-0.732	 	-0.840	 	-1.233	 	0.900	 	1.632	 	
0.071	 	0.790	 	0.067	 	-0.732	 	-0.841	 	-1.233	 	0.900	 	1.633	 	
0.072	 	0.790	 	0.067	 	-0.732	 	-0.841	 	-1.233	 	0.901	 	1.633	 	
0.073	 	0.790	 	0.067	 	-0.732	 	-0.841	 	-1.233	 	0.902	 	1.634	 	
0.074	 	0.790	 	0.068	 	-0.733	 	-0.841	 	-1.233	 	0.903	 	1.635	 	
0.075	 	0.790	 	0.068	 	-0.733	 	-0.841	 	-1.233	 	0.904	 	1.636	 	
0.076	 	0.790	 	0.068	 	-0.733	 	-0.841	 	-1.232	 	0.904	 	1.637	 	
0.077	 	0.790	 	0.068	 	-0.733	 	-0.841	 	-1.232	 	0.905	 	1.638	 	
0.078	 	0.790	 	0.068	 	-0.733	 	-0.841	 	-1.232	 	0.906	 	1.639	 	
0.079	 	0.790	 	0.068	 	-0.733	 	-0.842	 	-1.232	 	0.907	 	1.640	 	
0.080	 	0.790	 	0.068	 	-0.733	 	-0.842	 	-1.232	 	0.908	 	1.641	 	
0.081	 	0.790	 	0.068	 	-0.734	 	-0.842	 	-1.232	 	0.908	 	1.642	 	
0.082	 	0.790	 	0.068	 	-0.734	 	-0.842	 	-1.232	 	0.909	 	1.643	 	
0.083	 	0.790	 	0.068	 	-0.734	 	-0.842	 	-1.232	 	0.910	 	1.644	 	
0.084	 	0.790	 	0.068	 	-0.734	 	-0.842	 	-1.232	 	0.911	 	1.645	 	
0.085	 	0.790	 	0.068	 	-0.734	 	-0.843	 	-1.231	 	0.912	 	1.646	 	
0.086	 	0.790	 	0.069	 	-0.734	 	-0.843	 	-1.231	 	0.913	 	1.647	 	
0.087	 	0.790	 	0.069	 	-0.735	 	-0.843	 	-1.231	 	0.913	 	1.648	 	
0.088	 	0.790	 	0.069	 	-0.735	 	-0.843	 	-1.231	 	0.914	 	1.649	 	
0.089	 	0.790	 	0.069	 	-0.735	 	-0.843	 	-1.231	 	0.915	 	1.650	 	
0.090	 	0.790	 	0.069	 	-0.735	 	-0.844	 	-1.231	 	0.916	 	1.651	 	
0.091	 	0.790	 	0.069	 	-0.735	 	-0.844	 	-1.231	 	0.917	 	1.652	 	
0.092	 	0.790	 	0.069	 	-0.736	 	-0.844	 	-1.231	 	0.918	 	1.653	 	
0.093	 	0.790	 	0.069	 	-0.736	 	-0.844	 	-1.231	 	0.918	 	1.654	 	
0.094	 	0.790	 	0.069	 	-0.736	 	-0.844	 	-1.231	 	0.919	 	1.655	 	
0.095	 	0.790	 	0.069	 	-0.736	 	-0.845	 	-1.231	 	0.920	 	1.656	 	
0.096	 	0.790	 	0.069	 	-0.736	 	-0.845	 	-1.231	 	0.921	 	1.657	 	
0.097	 	0.790	 	0.070	 	-0.737	 	-0.845	 	-1.231	 	0.922	 	1.658	 	
0.098	 	0.790	 	0.070	 	-0.737	 	-0.845	 	-1.231	 	0.923	 	1.660	 	
0.099	 	0.790	 	0.070	 	-0.737	 	-0.845	 	-1.231	 	0.924	 	1.661	 	
0.100	 	0.790	 	0.070	 	-0.737	 	-0.846	 	-1.231	 	0.925	 	1.662	 	
0.101	 	0.790	 	0.070	 	-0.737	 	-0.846	 	-1.231	 	0.925	 	1.663	 	
0.102	 	0.790	 	0.070	 	-0.738	 	-0.846	 	-1.231	 	0.926	 	1.664	 	
0.103	 	0.790	 	0.070	 	-0.738	 	-0.846	 	-1.231	 	0.927	 	1.665	 	
0.104	 	0.790	 	0.070	 	-0.738	 	-0.847	 	-1.231	 	0.928	 	1.666	 	
0.105	 	0.790	 	0.070	 	-0.738	 	-0.847	 	-1.231	 	0.929	 	1.667	 	
0.106	 	0.790	 	0.070	 	-0.739	 	-0.847	 	-1.231	 	0.930	 	1.668	 	
0.107	 	0.790	 	0.070	 	-0.739	 	-0.847	 	-1.231	 	0.931	 	1.670	 	
0.108	 	0.790	 	0.070	 	-0.739	 	-0.848	 	-1.231	 	0.932	 	1.671	 	
0.109	 	0.790	 	0.071	 	-0.739	 	-0.848	 	-1.231	 	0.933	 	1.672	 	
0.110	 	0.790	 	0.071	 	-0.740	 	-0.848	 	-1.231	 	0.933	 	1.673	 	
0.111	 	0.790	 	0.071	 	-0.740	 	-0.848	 	-1.231	 	0.934	 	1.674	 	
0.112	 	0.790	 	0.071	 	-0.740	 	-0.849	 	-1.231	 	0.935	 	1.675	 	
0.113	 	0.790	 	0.071	 	-0.740	 	-0.849	 	-1.231	 	0.936	 	1.676	 	
0.114	 	0.790	 	0.071	 	-0.741	 	-0.849	 	-1.231	 	0.937	 	1.678	 	
0.115	 	0.790	 	0.071	 	-0.741	 	-0.849	 	-1.232	 	0.938	 	1.679	 	
0.116	 	0.790	 	0.071	 	-0.741	 	-0.850	 	-1.232	 	0.939	 	1.680	 	
0.117	 	0.790	 	0.071	 	-0.741	 	-0.850	 	-1.232	 	0.940	 	1.681	 	
0.118	 	0.790	 	0.071	 	-0.742	 	-0.850	 	-1.232	 	0.941	 	1.682	 	
0.119	 	0.790	 	0.071	 	-0.742	 	-0.850	 	-1.232	 	0.942	 	1.684	 	
0.120	 	0.790	 	0.072	 	-0.742	 	-0.851	 	-1.232	 	0.943	 	1.685	 	
0.121	 	0.790	 	0.072	 	-0.742	 	-0.851	 	-1.232	 	0.944	 	1.686	 	
0.122	 	0.790	 	0.072	 	-0.743	 	-0.851	 	-1.232	 	0.945	 	1.687	 	
0.123	 	0.790	 	0.072	 	-0.743	 	-0.851	 	-1.232	 	0.945	 	1.688	 	
0.124	 	0.790	 	0.072	 	-0.743	 	-0.852	 	-1.232	 	0.946	 	1.690	 	
0.125	 	0.790	 	0.072	 	-0.743	 	-0.852	 	-1.232	 	0.947	 	1.691	 	
0.126	 	0.790	 	0.072	 	-0.744	 	-0.852	 	-1.233	 	0.948	 	1.692	 	
0.127	 	0.790	 	0.072	 	-0.744	 	-0.853	 	-1.233	 	0.949	 	1.693	 	
0.128	 	0.790	 	0.072	 	-0.744	 	-0.853	 	-1.233	 	0.950	 	1.694	 	
0.129	 	0.790	 	0.072	 	-0.745	 	-0.853	 	-1.233	 	0.951	 	1.696	 	
0.130	 	0.790	 	0.072	 	-0.745	 	-0.854	 	-1.233	 	0.952	 	1.697	 	
0.131	 	0.790	 	0.072	 	-0.745	 	-0.854	 	-1.233	 	0.953	 	1.698	 	
0.132	 	0.790	 	0.073	 	-0.746	 	-0.854	 	-1.233	 	0.954	 	1.699	 	
0.133	 	0.790	 	0.073	 	-0.746	 	-0.854	 	-1.233	 	0.955	 	1.701	 	
0.134	 	0.790	 	0.073	 	-0.746	 	-0.855	 	-1.234	 	0.956	 	1.702	 	
0.135	 	0.790	 	0.073	 	-0.746	 	-0.855	 	-1.234	 	0.957	 	1.703	 	
0.136	 	0.790	 	0.073	 	-0.747	 	-0.855	 	-1.234	 	0.958	 	1.705	 	
0.137	 	0.790	 	0.073	 	-0.747	 	-0.856	 	-1.234	 	0.959	 	1.706	 	
0.138	 	0.790	 	0.073	 	-0.747	 	-0.856	 	-1.234	 	0.960	 	1.707	 	
0.139	 	0.790	 	0.073	 	-0.748	 	-0.856	 	-1.234	 	0.961	 	1.708	 	
0.140	 	0.790	 	0.073	 	-0.748	 	-0.857	 	-1.235	 	0.962	 	1.710	 	
0.141	 	0.790	 	0.073	 	-0.748	 	-0.857	 	-1.235	 	0.963	 	1.711	 	
0.142	 	0.790	 	0.073	 	-0.749	 	-0.857	 	-1.235	 	0.964	 	1.712	 	
0.143	 	0.790	 	0.074	 	-0.749	 	-0.858	 	-1.235	 	0.965	 	1.714	 	
0.144	 	0.790	 	0.074	 	-0.749	 	-0.858	 	-1.235	 	0.966	 	1.715	 	
0.145	 	0.790	 	0.074	 	-0.750	 	-0.858	 	-1.235	 	0.967	 	1.716	 	
0.146	 	0.790	 	0.074	 	-0.750	 	-0.859	 	-1.236	 	0.968	 	1.717	 	
0.147	 	0.790	 	0.074	 	-0.750	 	-0.859	 	-1.236	 	0.969	 	1.719	 	
0.148	 	0.790	 	0.074	 	-0.750	 	-0.859	 	-1.236	 	0.970	 	1.720	 	
0.149	 	0.790	 	0.074	 	-0.751	 	-0.860	 	-1.236	 	0.971	 	1.721	 	
0.150	 	0.790	 	0.074	 	-0.751	 	-0.860	 	-1.236	 	0.972	 	1.723	 	
0.151	 	0.790	 	0.074	 	-0.751	 	-0.860	 	-1.236	 	0.973	 	1.724	 	
0.152	 	0.790	 	0.074	 	-0.752	 	-0.861	 	-1.237	 	0.974	 	1.725	 	
0.153	 	0.790	 	0.074	 	-0.752	 	-0.861	 	-1.237	 	0.975	 	1.727	 	
0.154	 	0.790	 	0.074	 	-0.752	 	-0.861	 	-1.237	 	0.976	 	1.728	 	
0.155	 	0.790	 	0.075	 	-0.753	 	-0.862	 	-1.237	 	0.977	 	1.729	 	
0.156	 	0.790	 	0.075	 	-0.753	 	-0.862	 	-1.237	 	0.978	 	1.731	 	
0.157	 	0.790	 	0.075	 	-0.754	 	-0.862	 	-1.238	 	0.979	 	1.732	 	
0.158	 	0.790	 	0.075	 	-0.754	 	-0.863	 	-1.238	 	0.980	 	1.733	 	
0.159	 	0.790	 	0.075	 	-0.754	 	-0.863	 	-1.238	 	0.981	 	1.735	 	
0.160	 	0.790	 	0.075	 	-0.755	 	-0.863	 	-1.238	 	0.982	 	1.736	 	
0.161	 	0.790	 	0.075	 	-0.755	 	-0.864	 	-1.239	 	0.983	 	1.738	 	
0.162	 	0.790	 	0.075	 	-0.755	 	-0.864	 	-1.239	 	0.984	 	1.739	 	
0.163	 	0.790	 	0.075	 	-0.756	 	-0.864	 	-1.239	 	0.985	 	1.740	 	
0.164	 	0.790	 	0.075	 	-0.756	 	-0.865	 	-1.239	 	0.986	 	1.742	 	
0.165	 	0.790	 	0.075	 	-0.756	 	-0.865	 	-1.239	 	0.987	 	1.743	 	
0.166	 	0.790	 	0.076	 	-0.757	 	-0.866	 	-1.240	 	0.988	 	1.744	 	
0.167	 	0.790	 	0.076	 	-0.757	 	-0.866	 	-1.240	 	0.989	 	1.746	 	
0.168	 	0.790	 	0.076	 	-0.757	 	-0.866	 	-1.240	 	0.990	 	1.747	 	
0.169	 	0.790	 	0.076	 	-0.758	 	-0.867	 	-1.240	 	0.991	 	1.749	 	
0.170	 	0.790	 	0.076	 	-0.758	 	-0.867	 	-1.241	 	0.992	 	1.750	 	
0.171	 	0.790	 	0.076	 	-0.758	 	-0.867	 	-1.241	 	0.993	 	1.751	 	
0.172	 	0.790	 	0.076	 	-0.759	 	-0.868	 	-1.241	 	0.994	 	1.753	 	
0.173	 	0.790	 	0.076	 	-0.759	 	-0.868	 	-1.241	 	0.995	 	1.754	 	
0.174	 	0.790	 	0.076	 	-0.760	 	-0.868	 	-1.242	 	0.996	 	1.756	 	
0.175	 	0.790	 	0.076	 	-0.760	 	-0.869	 	-1.242	 	0.997	 	1.757	 	
0.176	 	0.790	 	0.076	 	-0.760	 	-0.869	 	-1.242	 	0.998	 	1.758	 	
0.177	 	0.790	 	0.076	 	-0.761	 	-0.870	 	-1.242	 	0.999	 	1.760	 	
0.178	 	0.790	 	0.077	 	-0.761	 	-0.870	 	-1.243	 	1.000	 	1.761	 	
0.179	 	0.790	 	0.077	 	-0.761	 	-0.870	 	-1.243	 	1.001	 	1.763	 	
0.180	 	0.790	 	0.077	 	-0.762	 	-0.871	 	-1.243	 	1.002	 	1.764	 	
0.181	 	0.790	 	0.077	 	-0.762	 	-0.871	 	-1.243	 	1.003	 	1.766	 	
0.182	 	0.790	 	0.077	 	-0.763	 	-0.872	 	-1.244	 	1.005	 	1.767	 	
0.183	 	0.790	 	0.077	 	-0.763	 	-0.872	 	-1.244	 	1.006	 	1.768	 	
0.184	 	0.790	 	0.077	 	-0.763	 	-0.872	 	-1.244	 	1.007	 	1.770	 	
0.185	 	0.790	 	0.077	 	-0.764	 	-0.873	 	-1.244	 	1.008	 	1.771	 	
0.186	 	0.790	 	0.077	 	-0.764	 	-0.873	 	-1.245	 	1.009	 	1.773	 	
0.187	 	0.790	 	0.077	 	-0.764	 	-0.873	 	-1.245	 	1.010	 	1.774	 	
0.188	 	0.790	 	0.077	 	-0.765	 	-0.874	 	-1.245	 	1.011	 	1.776	 	
0.189	 	0.790	 	0.078	 	-0.765	 	-0.874	 	-1.246	 	1.012	 	1.777	 	
0.190	 	0.790	 	0.078	 	-0.766	 	-0.875	 	-1.246	 	1.013	 	1.779	 	
0.191	 	0.790	 	0.078	 	-0.766	 	-0.875	 	-1.246	 	1.014	 	1.780	 	
0.192	 	0.790	 	0.078	 	-0.766	 	-0.875	 	-1.246	 	1.015	 	1.782	 	
0.193	 	0.790	 	0.078	 	-0.767	 	-0.876	 	-1.247	 	1.016	 	1.783	 	
0.194	 	0.790	 	0.078	 	-0.767	 	-0.876	 	-1.247	 	1.017	 	1.784	 	
0.195	 	0.790	 	0.078	 	-0.768	 	-0.877	 	-1.247	 	1.018	 	1.786	 	
0.196	 	0.790	 	0.078	 	-0.768	 	-0.877	 	-1.248	 	1.019	 	1.787	 	
0.197	 	0.790	 	0.078	 	-0.768	 	-0.877	 	-1.248	 	1.021	 	1.789	 	
0.198	 	0.790	 	0.078	 	-0.769	 	-0.878	 	-1.248	 	1.022	 	1.790	 	
0.199	 	0.790	 	0.078	 	-0.769	 	-0.878	 	-1.248	 	1.023	 	1.792	 	
0.200	 	0.790	 	0.078	 	-0.770	 	-0.879	 	-1.249	 	1.024	 	1.793	 	
0.201	 	0.790	 	0.079	 	-0.770	 	-0.879	 	-1.249	 	1.025	 	1.795	 	
0.202	 	0.790	 	0.079	 	-0.770	 	-0.879	 	-1.249	 	1.026	 	1.796	 	
0.203	 	0.790	 	0.079	 	-0.771	 	-0.880	 	-1.250	 	1.027	 	1.798	 	
0.204	 	0.790	 	0.079	 	-0.771	 	-0.880	 	-1.250	 	1.028	 	1.799	 	
0.205	 	0.790	 	0.079	 	-0.772	 	-0.881	 	-1.250	 	1.029	 	1.801	 	
0.206	 	0.790	 	0.079	 	-0.772	 	-0.881	 	-1.251	 	1.030	 	1.802	 	
0.207	 	0.790	 	0.079	 	-0.772	 	-0.882	 	-1.251	 	1.031	 	1.804	 	
0.208	 	0.790	 	0.079	 	-0.773	 	-0.882	 	-1.251	 	1.033	 	1.805	 	
0.209	 	0.790	 	0.079	 	-0.773	 	-0.882	 	-1.251	 	1.034	 	1.807	 	
0.210	 	0.790	 	0.079	 	-0.774	 	-0.883	 	-1.252	 	1.035	 	1.808	 	
0.211	 	0.790	 	0.079	 	-0.774	 	-0.883	 	-1.252	 	1.036	 	1.810	 	
0.212	 	0.790	 	0.080	 	-0.774	 	-0.884	 	-1.252	 	1.037	 	1.811	 	
0.213	 	0.790	 	0.080	 	-0.775	 	-0.884	 	-1.253	 	1.038	 	1.813	 	
0.214	 	0.790	 	0.080	 	-0.775	 	-0.884	 	-1.253	 	1.039	 	1.814	 	
0.215	 	0.790	 	0.080	 	-0.776	 	-0.885	 	-1.253	 	1.040	 	1.816	 	
0.216	 	0.790	 	0.080	 	-0.776	 	-0.885	 	-1.254	 	1.041	 	1.817	 	
0.217	 	0.790	 	0.080	 	-0.776	 	-0.886	 	-1.254	 	1.043	 	1.819	 	
0.218	 	0.790	 	0.080	 	-0.777	 	-0.886	 	-1.254	 	1.044	 	1.820	 	
0.219	 	0.790	 	0.080	 	-0.777	 	-0.887	 	-1.255	 	1.045	 	1.822	 	
0.220	 	0.790	 	0.080	 	-0.778	 	-0.887	 	-1.255	 	1.046	 	1.824	 	
0.221	 	0.790	 	0.080	 	-0.778	 	-0.887	 	-1.255	 	1.047	 	1.825	 	
0.222	 	0.790	 	0.080	 	-0.779	 	-0.888	 	-1.256	 	1.048	 	1.827	 	
0.223	 	0.790	 	0.080	 	-0.779	 	-0.888	 	-1.256	 	1.049	 	1.828	 	
0.224	 	0.790	 	0.081	 	-0.779	 	-0.889	 	-1.256	 	1.050	 	1.830	 	
0.225	 	0.790	 	0.081	 	-0.780	 	-0.889	 	-1.257	 	1.051	 	1.831	 	
0.226	 	0.790	 	0.081	 	-0.780	 	-0.890	 	-1.257	 	1.053	 	1.833	 	
0.227	 	0.790	 	0.081	 	-0.781	 	-0.890	 	-1.257	 	1.054	 	1.834	 	
0.228	 	0.790	 	0.081	 	-0.781	 	-0.890	 	-1.258	 	1.055	 	1.836	 	
0.229	 	0.790	 	0.081	 	-0.782	 	-0.891	 	-1.258	 	1.056	 	1.837	 	
0.230	 	0.790	 	0.081	 	-0.782	 	-0.891	 	-1.258	 	1.057	 	1.839	 	
0.231	 	0.790	 	0.081	 	-0.782	 	-0.892	 	-1.259	 	1.058	 	1.841	 	
0.232	 	0.790	 	0.081	 	-0.783	 	-0.892	 	-1.259	 	1.059	 	1.842	 	
0.233	 	0.790	 	0.081	 	-0.783	 	-0.893	 	-1.259	 	1.060	 	1.844	 	
0.234	 	0.790	 	0.081	 	-0.784	 	-0.893	 	-1.260	 	1.062	 	1.845	 	
0.235	 	0.790	 	0.082	 	-0.784	 	-0.894	 	-1.260	 	1.063	 	1.847	 	
0.236	 	0.790	 	0.082	 	-0.785	 	-0.894	 	-1.261	 	1.064	 	1.848	 	
0.237	 	0.790	 	0.082	 	-0.785	 	-0.894	 	-1.261	 	1.065	 	1.850	 	
0.238	 	0.790	 	0.082	 	-0.785	 	-0.895	 	-1.261	 	1.066	 	1.852	 	
0.239	 	0.790	 	0.082	 	-0.786	 	-0.895	 	-1.262	 	1.067	 	1.853	 	
0.240	 	0.790	 	0.082	 	-0.786	 	-0.896	 	-1.262	 	1.068	 	1.855	 	
0.241	 	0.790	 	0.082	 	-0.787	 	-0.896	 	-1.262	 	1.070	 	1.856	 	
0.242	 	0.790	 	0.082	 	-0.787	 	-0.897	 	-1.263	 	1.071	 	1.858	 	
0.243	 	0.790	 	0.082	 	-0.788	 	-0.897	 	-1.263	 	1.072	 	1.859	 	
0.244	 	0.790	 	0.082	 	-0.788	 	-0.898	 	-1.263	 	1.073	 	1.861	 	
0.245	 	0.790	 	0.082	 	-0.788	 	-0.898	 	-1.264	 	1.074	 	1.863	 	
0.246	 	0.790	 	0.082	 	-0.789	 	-0.898	 	-1.264	 	1.075	 	1.864	 	
0.247	 	0.790	 	0.083	 	-0.789	 	-0.899	 	-1.265	 	1.076	 	1.866	 	
0.248	 	0.790	 	0.083	 	-0.790	 	-0.899	 	-1.265	 	1.078	 	1.867	 	
0.249	 	0.790	 	0.083	 	-0.790	 	-0.900	 	-1.265	 	1.079	 	1.869	 	
0.250	 	0.790	 	0.083	 	-0.791	 	-0.900	 	-1.266	 	1.080	 	1.871	 	
0.251	 	0.790	 	0.083	 	-0.791	 	-0.901	 	-1.266	 	1.081	 	1.872	 	
0.252	 	0.790	 	0.083	 	-0.792	 	-0.901	 	-1.266	 	1.082	 	1.874	 	
0.253	 	0.790	 	0.083	 	-0.792	 	-0.902	 	-1.267	 	1.083	 	1.875	 	
0.254	 	0.790	 	0.083	 	-0.793	 	-0.902	 	-1.267	 	1.084	 	1.877	 	
0.255	 	0.790	 	0.083	 	-0.793	 	-0.903	 	-1.268	 	1.086	 	1.879	 	
0.256	 	0.790	 	0.083	 	-0.793	 	-0.903	 	-1.268	 	1.087	 	1.880	 	
0.257	 	0.790	 	0.083	 	-0.794	 	-0.903	 	-1.268	 	1.088	 	1.882	 	
0.258	 	0.790	 	0.084	 	-0.794	 	-0.904	 	-1.269	 	1.089	 	1.883	 	
0.259	 	0.790	 	0.084	 	-0.795	 	-0.904	 	-1.269	 	1.090	 	1.885	 	
0.260	 	0.790	 	0.084	 	-0.795	 	-0.905	 	-1.269	 	1.091	 	1.887	 	
0.261	 	0.790	 	0.084	 	-0.796	 	-0.905	 	-1.270	 	1.093	 	1.888	 	
0.262	 	0.790	 	0.084	 	-0.796	 	-0.906	 	-1.270	 	1.094	 	1.890	 	
0.263	 	0.790	 	0.084	 	-0.797	 	-0.906	 	-1.271	 	1.095	 	1.891	 	
0.264	 	0.790	 	0.084	 	-0.797	 	-0.907	 	-1.271	 	1.096	 	1.893	 	
0.265	 	0.790	 	0.084	 	-0.797	 	-0.907	 	-1.271	 	1.097	 	1.895	 	
0.266	 	0.790	 	0.084	 	-0.798	 	-0.908	 	-1.272	 	1.098	 	1.896	 	
0.267	 	0.790	 	0.084	 	-0.798	 	-0.908	 	-1.272	 	1.100	 	1.898	 	
0.268	 	0.790	 	0.084	 	-0.799	 	-0.909	 	-1.273	 	1.101	 	1.900	 	
0.269	 	0.790	 	0.084	 	-0.799	 	-0.909	 	-1.273	 	1.102	 	1.901	 	
0.270	 	0.790	 	0.085	 	-0.800	 	-0.910	 	-1.273	 	1.103	 	1.903	 	
0.271	 	0.790	 	0.085	 	-0.800	 	-0.910	 	-1.274	 	1.104	 	1.904	 	
0.272	 	0.790	 	0.085	 	-0.801	 	-0.910	 	-1.274	 	1.105	 	1.906	 	
0.273	 	0.790	 	0.085	 	-0.801	 	-0.911	 	-1.274	 	1.107	 	1.908	 	
0.274	 	0.790	 	0.085	 	-0.802	 	-0.911	 	-1.275	 	1.108	 	1.909	 	
0.275	 	0.790	 	0.085	 	-0.802	 	-0.912	 	-1.275	 	1.109	 	1.911	 	
0.276	 	0.790	 	0.085	 	-0.803	 	-0.912	 	-1.276	 	1.110	 	1.913	 	
0.277	 	0.790	 	0.085	 	-0.803	 	-0.913	 	-1.276	 	1.111	 	1.914	 	
0.278	 	0.790	 	0.085	 	-0.803	 	-0.913	 	-1.276	 	1.112	 	1.916	 	
0.279	 	0.790	 	0.085	 	-0.804	 	-0.914	 	-1.277	 	1.114	 	1.918	 	
0.280	 	0.790	 	0.085	 	-0.804	 	-0.914	 	-1.277	 	1.115	 	1.919	 	
0.281	 	0.790	 	0.086	 	-0.805	 	-0.915	 	-1.278	 	1.116	 	1.921	 	
0.282	 	0.790	 	0.086	 	-0.805	 	-0.915	 	-1.278	 	1.117	 	1.922	 	
0.283	 	0.790	 	0.086	 	-0.806	 	-0.916	 	-1.279	 	1.118	 	1.924	 	
0.284	 	0.790	 	0.086	 	-0.806	 	-0.916	 	-1.279	 	1.119	 	1.926	 	
0.285	 	0.790	 	0.086	 	-0.807	 	-0.917	 	-1.279	 	1.121	 	1.927	 	
0.286	 	0.790	 	0.086	 	-0.807	 	-0.917	 	-1.280	 	1.122	 	1.929	 	
0.287	 	0.790	 	0.086	 	-0.808	 	-0.918	 	-1.280	 	1.123	 	1.931	 	
0.288	 	0.790	 	0.086	 	-0.808	 	-0.918	 	-1.281	 	1.124	 	1.932	 	
0.289	 	0.790	 	0.086	 	-0.809	 	-0.919	 	-1.281	 	1.125	 	1.934	 	
0.290	 	0.790	 	0.086	 	-0.809	 	-0.919	 	-1.281	 	1.127	 	1.936	 	
0.291	 	0.790	 	0.086	 	-0.810	 	-0.920	 	-1.282	 	1.128	 	1.937	 	
0.292	 	0.790	 	0.086	 	-0.810	 	-0.920	 	-1.282	 	1.129	 	1.939	 	
0.293	 	0.790	 	0.087	 	-0.811	 	-0.921	 	-1.283	 	1.130	 	1.941	 	
0.294	 	0.790	 	0.087	 	-0.811	 	-0.921	 	-1.283	 	1.131	 	1.942	 	
0.295	 	0.790	 	0.087	 	-0.812	 	-0.921	 	-1.283	 	1.133	 	1.944	 	
0.296	 	0.790	 	0.087	 	-0.812	 	-0.922	 	-1.284	 	1.134	 	1.946	 	
0.297	 	0.790	 	0.087	 	-0.812	 	-0.922	 	-1.284	 	1.135	 	1.947	 	
0.298	 	0.790	 	0.087	 	-0.813	 	-0.923	 	-1.285	 	1.136	 	1.949	 	
0.299	 	0.790	 	0.087	 	-0.813	 	-0.923	 	-1.285	 	1.137	 	1.951	 	
0.300	 	0.790	 	0.087	 	-0.814	 	-0.924	 	-1.286	 	1.138	 	1.952	 	
0.301	 	0.790	 	0.087	 	-0.814	 	-0.924	 	-1.286	 	1.140	 	1.954	 	
0.302	 	0.790	 	0.087	 	-0.815	 	-0.925	 	-1.286	 	1.141	 	1.956	 	
0.303	 	0.790	 	0.087	 	-0.815	 	-0.925	 	-1.287	 	1.142	 	1.957	 	
0.304	 	0.790	 	0.088	 	-0.816	 	-0.926	 	-1.287	 	1.143	 	1.959	 	
0.305	 	0.790	 	0.088	 	-0.816	 	-0.926	 	-1.288	 	1.144	 	1.961	 	
0.306	 	0.790	 	0.088	 	-0.817	 	-0.927	 	-1.288	 	1.146	 	1.962	 	
0.307	 	0.790	 	0.088	 	-0.817	 	-0.927	 	-1.289	 	1.147	 	1.964	 	
0.308	 	0.790	 	0.088	 	-0.818	 	-0.928	 	-1.289	 	1.148	 	1.966	 	
0.309	 	0.790	 	0.088	 	-0.818	 	-0.928	 	-1.289	 	1.149	 	1.967	 	
0.310	 	0.790	 	0.088	 	-0.819	 	-0.929	 	-1.290	 	1.150	 	1.969	 	
0.311	 	0.790	 	0.088	 	-0.819	 	-0.929	 	-1.290	 	1.152	 	1.971	 	
0.312	 	0.790	 	0.088	 	-0.820	 	-0.930	 	-1.291	 	1.153	 	1.973	 	
0.313	 	0.790	 	0.088	 	-0.820	 	-0.930	 	-1.291	 	1.154	 	1.974	 	
0.314	 	0.790	 	0.088	 	-0.821	 	-0.931	 	-1.292	 	1.155	 	1.976	 	
0.315	 	0.790	 	0.088	 	-0.821	 	-0.931	 	-1.292	 	1.156	 	1.978	 	
0.316	 	0.790	 	0.089	 	-0.822	 	-0.932	 	-1.292	 	1.158	 	1.979	 	
0.317	 	0.790	 	0.089	 	-0.822	 	-0.932	 	-1.293	 	1.159	 	1.981	 	
0.318	 	0.790	 	0.089	 	-0.823	 	-0.933	 	-1.293	 	1.160	 	1.983	 	
0.319	 	0.790	 	0.089	 	-0.823	 	-0.933	 	-1.294	 	1.161	 	1.984	 	
0.320	 	0.790	 	0.089	 	-0.824	 	-0.934	 	-1.294	 	1.162	 	1.986	 	
0.321	 	0.790	 	0.089	 	-0.824	 	-0.934	 	-1.295	 	1.164	 	1.988	 	
0.322	 	0.790	 	0.089	 	-0.825	 	-0.935	 	-1.295	 	1.165	 	1.989	 	
0.323	 	0.790	 	0.089	 	-0.825	 	-0.935	 	-1.296	 	1.166	 	1.991	 	
0.324	 	0.790	 	0.089	 	-0.826	 	-0.936	 	-1.296	 	1.167	 	1.993	 	
0.325	 	0.790	 	0.089	 	-0.826	 	-0.936	 	-1.296	 	1.168	 	1.995	 	
0.326	 	0.790	 	0.089	 	-0.827	 	-0.937	 	-1.297	 	1.170	 	1.996	 	
0.327	 	0.790	 	0.089	 	-0.827	 	-0.937	 	-1.297	 	1.171	 	1.998	 	
0.328	 	0.790	 	0.090	 	-0.828	 	-0.938	 	-1.298	 	1.172	 	2.000	 	
0.329	 	0.790	 	0.090	 	-0.828	 	-0.938	 	-1.298	 	1.173	 	2.001	 	
0.330	 	0.790	 	0.090	 	-0.829	 	-0.939	 	-1.299	 	1.174	 	2.003	 	
0.331	 	0.790	 	0.090	 	-0.829	 	-0.939	 	-1.299	 	1.176	 	2.005	 	
0.332	 	0.790	 	0.090	 	-0.830	 	-0.940	 	-1.300	 	1.177	 	2.006	 	
0.333	 	0.790	 	0.090	 	-0.830	 	-0.940	 	-1.300	 	1.178	 	2.008	 	
0.334	 	0.790	 	0.090	 	-0.831	 	-0.941	 	-1.300	 	1.179	 	2.010	 	
0.335	 	0.790	 	0.090	 	-0.831	 	-0.941	 	-1.301	 	1.180	 	2.012	 	
0.336	 	0.790	 	0.090	 	-0.832	 	-0.942	 	-1.301	 	1.182	 	2.013	 	
0.337	 	0.790	 	0.090	 	-0.832	 	-0.942	 	-1.302	 	1.183	 	2.015	 	
0.338	 	0.790	 	0.090	 	-0.833	 	-0.943	 	-1.302	 	1.184	 	2.017	 	
0.339	 	0.790	 	0.091	 	-0.833	 	-0.943	 	-1.303	 	1.185	 	2.018	 	
0.340	 	0.790	 	0.091	 	-0.834	 	-0.944	 	-1.303	 	1.186	 	2.020	 	
0.341	 	0.790	 	0.091	 	-0.834	 	-0.945	 	-1.304	 	1.188	 	2.022	 	
0.342	 	0.790	 	0.091	 	-0.835	 	-0.945	 	-1.304	 	1.189	 	2.024	 	
0.343	 	0.790	 	0.091	 	-0.835	 	-0.946	 	-1.304	 	1.190	 	2.025	 	
0.344	 	0.790	 	0.091	 	-0.836	 	-0.946	 	-1.305	 	1.191	 	2.027	 	
0.345	 	0.790	 	0.091	 	-0.836	 	-0.947	 	-1.305	 	1.193	 	2.029	 	
0.346	 	0.790	 	0.091	 	-0.837	 	-0.947	 	-1.306	 	1.194	 	2.030	 	
0.347	 	0.790	 	0.091	 	-0.837	 	-0.948	 	-1.306	 	1.195	 	2.032	 	
0.348	 	0.790	 	0.091	 	-0.838	 	-0.948	 	-1.307	 	1.196	 	2.034	 	
0.349	 	0.790	 	0.091	 	-0.838	 	-0.949	 	-1.307	 	1.197	 	2.036	 	
0.350	 	0.790	 	0.091	 	-0.839	 	-0.949	 	-1.308	 	1.199	 	2.037	 	
0.351	 	0.790	 	0.092	 	-0.839	 	-0.950	 	-1.308	 	1.200	 	2.039	 	
0.352	 	0.790	 	0.092	 	-0.840	 	-0.950	 	-1.309	 	1.201	 	2.041	 	
0.353	 	0.790	 	0.092	 	-0.840	 	-0.951	 	-1.309	 	1.202	 	2.042	 	
0.354	 	0.790	 	0.092	 	-0.841	 	-0.951	 	-1.310	 	1.203	 	2.044	 	
0.355	 	0.790	 	0.092	 	-0.841	 	-0.952	 	-1.310	 	1.205	 	2.046	 	
0.356	 	0.790	 	0.092	 	-0.842	 	-0.952	 	-1.310	 	1.206	 	2.048	 	
0.357	 	0.790	 	0.092	 	-0.842	 	-0.953	 	-1.311	 	1.207	 	2.049	 	
0.358	 	0.790	 	0.092	 	-0.843	 	-0.953	 	-1.311	 	1.208	 	2.051	 	
0.359	 	0.790	 	0.092	 	-0.843	 	-0.954	 	-1.312	 	1.209	 	2.053	 	
0.360	 	0.790	 	0.092	 	-0.844	 	-0.954	 	-1.312	 	1.211	 	2.054	 	
0.361	 	0.790	 	0.092	 	-0.844	 	-0.955	 	-1.313	 	1.212	 	2.056	 	
0.362	 	0.790	 	0.093	 	-0.845	 	-0.955	 	-1.313	 	1.213	 	2.058	 	
0.363	 	0.790	 	0.093	 	-0.845	 	-0.956	 	-1.314	 	1.214	 	2.060	 	
0.364	 	0.790	 	0.093	 	-0.846	 	-0.956	 	-1.314	 	1.216	 	2.061	 	
0.365	 	0.790	 	0.093	 	-0.846	 	-0.957	 	-1.315	 	1.217	 	2.063	 	
0.366	 	0.790	 	0.093	 	-0.847	 	-0.958	 	-1.315	 	1.218	 	2.065	 	
0.367	 	0.790	 	0.093	 	-0.847	 	-0.958	 	-1.316	 	1.219	 	2.067	 	
0.368	 	0.790	 	0.093	 	-0.848	 	-0.959	 	-1.316	 	1.220	 	2.068	 	
0.369	 	0.790	 	0.093	 	-0.848	 	-0.959	 	-1.317	 	1.222	 	2.070	 	
0.370	 	0.790	 	0.093	 	-0.849	 	-0.960	 	-1.317	 	1.223	 	2.072	 	
0.371	 	0.790	 	0.093	 	-0.849	 	-0.960	 	-1.317	 	1.224	 	2.073	 	
0.372	 	0.790	 	0.093	 	-0.850	 	-0.961	 	-1.318	 	1.225	 	2.075	 	
0.373	 	0.790	 	0.093	 	-0.850	 	-0.961	 	-1.318	 	1.226	 	2.077	 	
0.374	 	0.790	 	0.094	 	-0.851	 	-0.962	 	-1.319	 	1.228	 	2.079	 	
0.375	 	0.790	 	0.094	 	-0.852	 	-0.962	 	-1.319	 	1.229	 	2.080	 	
0.376	 	0.790	 	0.094	 	-0.852	 	-0.963	 	-1.320	 	1.230	 	2.082	 	
0.377	 	0.790	 	0.094	 	-0.853	 	-0.963	 	-1.320	 	1.231	 	2.084	 	
0.378	 	0.790	 	0.094	 	-0.853	 	-0.964	 	-1.321	 	1.233	 	2.086	 	
0.379	 	0.790	 	0.094	 	-0.854	 	-0.964	 	-1.321	 	1.234	 	2.087	 	
0.380	 	0.790	 	0.094	 	-0.854	 	-0.965	 	-1.322	 	1.235	 	2.089	 	
0.381	 	0.790	 	0.094	 	-0.855	 	-0.965	 	-1.322	 	1.236	 	2.091	 	
0.382	 	0.790	 	0.094	 	-0.855	 	-0.966	 	-1.323	 	1.237	 	2.093	 	
0.383	 	0.790	 	0.094	 	-0.856	 	-0.967	 	-1.323	 	1.239	 	2.094	 	
0.384	 	0.790	 	0.094	 	-0.856	 	-0.967	 	-1.324	 	1.240	 	2.096	 	
0.385	 	0.790	 	0.095	 	-0.857	 	-0.968	 	-1.324	 	1.241	 	2.098	 	
0.386	 	0.790	 	0.095	 	-0.857	 	-0.968	 	-1.325	 	1.242	 	2.100	 	
0.387	 	0.790	 	0.095	 	-0.858	 	-0.969	 	-1.325	 	1.243	 	2.101	 	
0.388	 	0.790	 	0.095	 	-0.858	 	-0.969	 	-1.326	 	1.245	 	2.103	 	
0.389	 	0.790	 	0.095	 	-0.859	 	-0.970	 	-1.326	 	1.246	 	2.105	 	
0.390	 	0.790	 	0.095	 	-0.859	 	-0.970	 	-1.327	 	1.247	 	2.106	 	
0.391	 	0.790	 	0.095	 	-0.860	 	-0.971	 	-1.327	 	1.248	 	2.108	 	
0.392	 	0.790	 	0.095	 	-0.860	 	-0.971	 	-1.328	 	1.249	 	2.110	 	
0.393	 	0.790	 	0.095	 	-0.861	 	-0.972	 	-1.328	 	1.251	 	2.112	 	
0.394	 	0.790	 	0.095	 	-0.862	 	-0.972	 	-1.329	 	1.252	 	2.113	 	
0.395	 	0.790	 	0.095	 	-0.862	 	-0.973	 	-1.329	 	1.253	 	2.115	 	
0.396	 	0.790	 	0.095	 	-0.863	 	-0.973	 	-1.330	 	1.254	 	2.117	 	
0.397	 	0.790	 	0.096	 	-0.863	 	-0.974	 	-1.330	 	1.256	 	2.119	 	
0.398	 	0.790	 	0.096	 	-0.864	 	-0.975	 	-1.331	 	1.257	 	2.120	 	
0.399	 	0.790	 	0.096	 	-0.864	 	-0.975	 	-1.331	 	1.258	 	2.122	 	
0.400	 	0.790	 	0.096	 	-0.865	 	-0.976	 	-1.331	 	1.259	 	2.124	 	
0.401	 	0.790	 	0.096	 	-0.865	 	-0.976	 	-1.332	 	1.260	 	2.126	 	
0.402	 	0.790	 	0.096	 	-0.866	 	-0.977	 	-1.332	 	1.262	 	2.127	 	
0.403	 	0.790	 	0.096	 	-0.866	 	-0.977	 	-1.333	 	1.263	 	2.129	 	
0.404	 	0.790	 	0.096	 	-0.867	 	-0.978	 	-1.333	 	1.264	 	2.131	 	
0.405	 	0.790	 	0.096	 	-0.867	 	-0.978	 	-1.334	 	1.265	 	2.133	 	
0.406	 	0.790	 	0.096	 	-0.868	 	-0.979	 	-1.334	 	1.266	 	2.134	 	
0.407	 	0.790	 	0.096	 	-0.868	 	-0.979	 	-1.335	 	1.268	 	2.136	 	
0.408	 	0.790	 	0.097	 	-0.869	 	-0.980	 	-1.335	 	1.269	 	2.138	 	
0.409	 	0.790	 	0.097	 	-0.870	 	-0.981	 	-1.336	 	1.270	 	2.140	 	
0.410	 	0.790	 	0.097	 	-0.870	 	-0.981	 	-1.336	 	1.271	 	2.141	 	
0.411	 	0.790	 	0.097	 	-0.871	 	-0.982	 	-1.337	 	1.272	 	2.143	 	
0.412	 	0.790	 	0.097	 	-0.871	 	-0.982	 	-1.337	 	1.274	 	2.145	 	
0.413	 	0.790	 	0.097	 	-0.872	 	-0.983	 	-1.338	 	1.275	 	2.147	 	
0.414	 	0.790	 	0.097	 	-0.872	 	-0.983	 	-1.338	 	1.276	 	2.148	 	
0.415	 	0.790	 	0.097	 	-0.873	 	-0.984	 	-1.339	 	1.277	 	2.150	 	
0.416	 	0.790	 	0.097	 	-0.873	 	-0.984	 	-1.339	 	1.278	 	2.152	 	
0.417	 	0.790	 	0.097	 	-0.874	 	-0.985	 	-1.340	 	1.280	 	2.154	 	
0.418	 	0.790	 	0.097	 	-0.874	 	-0.985	 	-1.340	 	1.281	 	2.155	 	
0.419	 	0.790	 	0.097	 	-0.875	 	-0.986	 	-1.341	 	1.282	 	2.157	 	
0.420	 	0.790	 	0.098	 	-0.875	 	-0.987	 	-1.341	 	1.283	 	2.159	 	
0.421	 	0.790	 	0.098	 	-0.876	 	-0.987	 	-1.342	 	1.285	 	2.160	 	
0.422	 	0.790	 	0.098	 	-0.877	 	-0.988	 	-1.342	 	1.286	 	2.162	 	
0.423	 	0.790	 	0.098	 	-0.877	 	-0.988	 	-1.343	 	1.287	 	2.164	 	
0.424	 	0.790	 	0.098	 	-0.878	 	-0.989	 	-1.343	 	1.288	 	2.166	 	
0.425	 	0.790	 	0.098	 	-0.878	 	-0.989	 	-1.344	 	1.289	 	2.167	 	
0.426	 	0.790	 	0.098	 	-0.879	 	-0.990	 	-1.344	 	1.291	 	2.169	 	
0.427	 	0.790	 	0.098	 	-0.879	 	-0.990	 	-1.345	 	1.292	 	2.171	 	
0.428	 	0.790	 	0.098	 	-0.880	 	-0.991	 	-1.345	 	1.293	 	2.173	 	
0.429	 	0.790	 	0.098	 	-0.880	 	-0.992	 	-1.346	 	1.294	 	2.174	 	
0.430	 	0.790	 	0.098	 	-0.881	 	-0.992	 	-1.346	 	1.295	 	2.176	 	
0.431	 	0.790	 	0.099	 	-0.881	 	-0.993	 	-1.347	 	1.297	 	2.178	 	
0.432	 	0.790	 	0.099	 	-0.882	 	-0.993	 	-1.347	 	1.298	 	2.180	 	
0.433	 	0.790	 	0.099	 	-0.883	 	-0.994	 	-1.348	 	1.299	 	2.181	 	
0.434	 	0.790	 	0.099	 	-0.883	 	-0.994	 	-1.349	 	1.300	 	2.183	 	
0.435	 	0.790	 	0.099	 	-0.884	 	-0.995	 	-1.349	 	1.301	 	2.185	 	
0.436	 	0.790	 	0.099	 	-0.884	 	-0.995	 	-1.350	 	1.302	 	2.187	 	
0.437	 	0.790	 	0.099	 	-0.885	 	-0.996	 	-1.350	 	1.304	 	2.188	 	
0.438	 	0.790	 	0.099	 	-0.885	 	-0.997	 	-1.351	 	1.305	 	2.190	 	
0.439	 	0.790	 	0.099	 	-0.886	 	-0.997	 	-1.351	 	1.306	 	2.192	 	
0.440	 	0.790	 	0.099	 	-0.886	 	-0.998	 	-1.352	 	1.307	 	2.194	 	
0.441	 	0.790	 	0.099	 	-0.887	 	-0.998	 	-1.352	 	1.308	 	2.195	 	
0.442	 	0.790	 	0.099	 	-0.887	 	-0.999	 	-1.353	 	1.310	 	2.197	 	
0.443	 	0.790	 	0.100	 	-0.888	 	-0.999	 	-1.353	 	1.311	 	2.199	 	
0.444	 	0.790	 	0.100	 	-0.889	 	-1.000	 	-1.354	 	1.312	 	2.201	 	
0.445	 	0.790	 	0.100	 	-0.889	 	-1.000	 	-1.354	 	1.313	 	2.202	 	
0.446	 	0.790	 	0.100	 	-0.890	 	-1.001	 	-1.355	 	1.314	 	2.204	 	
0.447	 	0.790	 	0.100	 	-0.890	 	-1.002	 	-1.355	 	1.316	 	2.206	 	
0.448	 	0.790	 	0.100	 	-0.891	 	-1.002	 	-1.356	 	1.317	 	2.208	 	
0.449	 	0.790	 	0.100	 	-0.891	 	-1.003	 	-1.356	 	1.318	 	2.209	 	
0.450	 	0.790	 	0.100	 	-0.892	 	-1.003	 	-1.357	 	1.319	 	2.211	 	
0.451	 	0.790	 	0.100	 	-0.892	 	-1.004	 	-1.357	 	1.320	 	2.213	 	
0.452	 	0.790	 	0.100	 	-0.893	 	-1.004	 	-1.358	 	1.322	 	2.215	 	
0.453	 	0.790	 	0.100	 	-0.894	 	-1.005	 	-1.358	 	1.323	 	2.216	 	
0.454	 	0.790	 	0.101	 	-0.894	 	-1.006	 	-1.359	 	1.324	 	2.218	 	
0.455	 	0.790	 	0.101	 	-0.895	 	-1.006	 	-1.359	 	1.325	 	2.220	 	
0.456	 	0.790	 	0.101	 	-0.895	 	-1.007	 	-1.360	 	1.326	 	2.222	 	
0.457	 	0.790	 	0.101	 	-0.896	 	-1.007	 	-1.360	 	1.327	 	2.223	 	
0.458	 	0.790	 	0.101	 	-0.896	 	-1.008	 	-1.361	 	1.329	 	2.225	 	
0.459	 	0.790	 	0.101	 	-0.897	 	-1.008	 	-1.361	 	1.330	 	2.227	 	
0.460	 	0.790	 	0.101	 	-0.897	 	-1.009	 	-1.362	 	1.331	 	2.228	 	
0.461	 	0.790	 	0.101	 	-0.898	 	-1.010	 	-1.362	 	1.332	 	2.230	 	
0.462	 	0.790	 	0.101	 	-0.899	 	-1.010	 	-1.363	 	1.333	 	2.232	 	
0.463	 	0.790	 	0.101	 	-0.899	 	-1.011	 	-1.363	 	1.335	 	2.234	 	
0.464	 	0.790	 	0.101	 	-0.900	 	-1.011	 	-1.364	 	1.336	 	2.235	 	
0.465	 	0.790	 	0.101	 	-0.900	 	-1.012	 	-1.365	 	1.337	 	2.237	 	
0.466	 	0.790	 	0.102	 	-0.901	 	-1.012	 	-1.365	 	1.338	 	2.239	 	
0.467	 	0.790	 	0.102	 	-0.901	 	-1.013	 	-1.366	 	1.339	 	2.241	 	
0.468	 	0.790	 	0.102	 	-0.902	 	-1.014	 	-1.366	 	1.340	 	2.242	 	
0.469	 	0.790	 	0.102	 	-0.903	 	-1.014	 	-1.367	 	1.342	 	2.244	 	
0.470	 	0.790	 	0.102	 	-0.903	 	-1.015	 	-1.367	 	1.343	 	2.246	 	
0.471	 	0.790	 	0.102	 	-0.904	 	-1.015	 	-1.368	 	1.344	 	2.248	 	
0.472	 	0.790	 	0.102	 	-0.904	 	-1.016	 	-1.368	 	1.345	 	2.249	 	
0.473	 	0.790	 	0.102	 	-0.905	 	-1.016	 	-1.369	 	1.346	 	2.251	 	
0.474	 	0.790	 	0.102	 	-0.905	 	-1.017	 	-1.369	 	1.348	 	2.253	 	
0.475	 	0.790	 	0.102	 	-0.906	 	-1.018	 	-1.370	 	1.349	 	2.255	 	
0.476	 	0.790	 	0.102	 	-0.906	 	-1.018	 	-1.370	 	1.350	 	2.256	 	
0.477	 	0.790	 	0.103	 	-0.907	 	-1.019	 	-1.371	 	1.351	 	2.258	 	
0.478	 	0.790	 	0.103	 	-0.908	 	-1.019	 	-1.371	 	1.352	 	2.260	 	
0.479	 	0.790	 	0.103	 	-0.908	 	-1.020	 	-1.372	 	1.353	 	2.262	 	
0.480	 	0.790	 	0.103	 	-0.909	 	-1.020	 	-1.372	 	1.355	 	2.263	 	
0.481	 	0.790	 	0.103	 	-0.909	 	-1.021	 	-1.373	 	1.356	 	2.265	 	
0.482	 	0.790	 	0.103	 	-0.910	 	-1.022	 	-1.374	 	1.357	 	2.267	 	
0.483	 	0.790	 	0.103	 	-0.910	 	-1.022	 	-1.374	 	1.358	 	2.268	 	
0.484	 	0.790	 	0.103	 	-0.911	 	-1.023	 	-1.375	 	1.359	 	2.270	 	
0.485	 	0.790	 	0.103	 	-0.912	 	-1.023	 	-1.375	 	1.360	 	2.272	 	
0.486	 	0.790	 	0.103	 	-0.912	 	-1.024	 	-1.376	 	1.362	 	2.274	 	
0.487	 	0.790	 	0.103	 	-0.913	 	-1.024	 	-1.376	 	1.363	 	2.275	 	
0.488	 	0.790	 	0.103	 	-0.913	 	-1.025	 	-1.377	 	1.364	 	2.277	 	
0.489	 	0.790	 	0.104	 	-0.914	 	-1.026	 	-1.377	 	1.365	 	2.279	 	
0.490	 	0.790	 	0.104	 	-0.914	 	-1.026	 	-1.378	 	1.366	 	2.281	 	
0.491	 	0.790	 	0.104	 	-0.915	 	-1.027	 	-1.378	 	1.367	 	2.282	 	
0.492	 	0.790	 	0.104	 	-0.916	 	-1.027	 	-1.379	 	1.368	 	2.284	 	
0.493	 	0.790	 	0.104	 	-0.916	 	-1.028	 	-1.379	 	1.370	 	2.286	 	
0.494	 	0.790	 	0.104	 	-0.917	 	-1.029	 	-1.380	 	1.371	 	2.287	 	
0.495	 	0.790	 	0.104	 	-0.917	 	-1.029	 	-1.381	 	1.372	 	2.289	 	
0.496	 	0.790	 	0.104	 	-0.918	 	-1.030	 	-1.381	 	1.373	 	2.291	 	
0.497	 	0.790	 	0.104	 	-0.918	 	-1.030	 	-1.382	 	1.374	 	2.293	 	
0.498	 	0.790	 	0.104	 	-0.919	 	-1.031	 	-1.382	 	1.375	 	2.294	 	
0.499	 	0.790	 	0.104	 	-0.920	 	-1.031	 	-1.383	 	1.377	 	2.296	 	
0.500	 	0.790	 	0.105	 	-0.920	 	-1.032	 	-1.383	 	1.378	 	2.298	 	
0.501	 	0.790	 	0.105	 	-0.921	 	-1.033	 	-1.384	 	1.379	 	2.300	 	
0.502	 	0.790	 	0.105	 	-0.921	 	-1.033	 	-1.384	 	1.380	 	2.301	 	
0.503	 	0.790	 	0.105	 	-0.922	 	-1.034	 	-1.385	 	1.381	 	2.303	 	
0.504	 	0.790	 	0.105	 	-0.922	 	-1.034	 	-1.385	 	1.382	 	2.305	 	
0.505	 	0.790	 	0.105	 	-0.923	 	-1.035	 	-1.386	 	1.383	 	2.306	 	
0.506	 	0.790	 	0.105	 	-0.924	 	-1.036	 	-1.386	 	1.385	 	2.308	 	
0.507	 	0.790	 	0.105	 	-0.924	 	-1.036	 	-1.387	 	1.386	 	2.310	 	
0.508	 	0.790	 	0.105	 	-0.925	 	-1.037	 	-1.388	 	1.387	 	2.312	 	
0.509	 	0.790	 	0.105	 	-0.925	 	-1.037	 	-1.388	 	1.388	 	2.313	 	
0.510	 	0.790	 	0.105	 	-0.926	 	-1.038	 	-1.389	 	1.389	 	2.315	 	
0.511	 	0.790	 	0.105	 	-0.927	 	-1.039	 	-1.389	 	1.390	 	2.317	 	
0.512	 	0.790	 	0.106	 	-0.927	 	-1.039	 	-1.390	 	1.391	 	2.318	 	
0.513	 	0.790	 	0.106	 	-0.928	 	-1.040	 	-1.390	 	1.392	 	2.320	 	
0.514	 	0.790	 	0.106	 	-0.928	 	-1.040	 	-1.391	 	1.394	 	2.322	 	
0.515	 	0.790	 	0.106	 	-0.929	 	-1.041	 	-1.391	 	1.395	 	2.324	 	
0.516	 	0.790	 	0.106	 	-0.929	 	-1.041	 	-1.392	 	1.396	 	2.325	 	
0.517	 	0.790	 	0.106	 	-0.930	 	-1.042	 	-1.392	 	1.397	 	2.327	 	
0.518	 	0.790	 	0.106	 	-0.931	 	-1.043	 	-1.393	 	1.398	 	2.329	 	
0.519	 	0.790	 	0.106	 	-0.931	 	-1.043	 	-1.394	 	1.399	 	2.331	 	
0.520	 	0.790	 	0.106	 	-0.932	 	-1.044	 	-1.394	 	1.400	 	2.332	 	
0.521	 	0.790	 	0.106	 	-0.932	 	-1.044	 	-1.395	 	1.402	 	2.334	 	
0.522	 	0.790	 	0.106	 	-0.933	 	-1.045	 	-1.395	 	1.403	 	2.336	 	
0.523	 	0.790	 	0.107	 	-0.934	 	-1.046	 	-1.396	 	1.404	 	2.337	 	
0.524	 	0.790	 	0.107	 	-0.934	 	-1.046	 	-1.396	 	1.405	 	2.339	 	
0.525	 	0.790	 	0.107	 	-0.935	 	-1.047	 	-1.397	 	1.406	 	2.341	 	
0.526	 	0.790	 	0.107	 	-0.935	 	-1.047	 	-1.397	 	1.407	 	2.342	 	
0.527	 	0.790	 	0.107	 	-0.936	 	-1.048	 	-1.398	 	1.408	 	2.344	 	
0.528	 	0.790	 	0.107	 	-0.937	 	-1.049	 	-1.399	 	1.409	 	2.346	 	
0.529	 	0.790	 	0.107	 	-0.937	 	-1.049	 	-1.399	 	1.410	 	2.348	 	
0.530	 	0.790	 	0.107	 	-0.938	 	-1.050	 	-1.400	 	1.412	 	2.349	 	
0.531	 	0.790	 	0.107	 	-0.938	 	-1.050	 	-1.400	 	1.413	 	2.351	 	
0.532	 	0.790	 	0.107	 	-0.939	 	-1.051	 	-1.401	 	1.414	 	2.353	 	
0.533	 	0.790	 	0.107	 	-0.939	 	-1.052	 	-1.401	 	1.415	 	2.354	 	
0.534	 	0.790	 	0.107	 	-0.940	 	-1.052	 	-1.402	 	1.416	 	2.356	 	
0.535	 	0.790	 	0.108	 	-0.941	 	-1.053	 	-1.402	 	1.417	 	2.358	 	
0.536	 	0.790	 	0.108	 	-0.941	 	-1.053	 	-1.403	 	1.418	 	2.360	 	
0.537	 	0.790	 	0.108	 	-0.942	 	-1.054	 	-1.404	 	1.419	 	2.361	 	
0.538	 	0.790	 	0.108	 	-0.942	 	-1.055	 	-1.404	 	1.420	 	2.363	 	
0.539	 	0.790	 	0.108	 	-0.943	 	-1.055	 	-1.405	 	1.422	 	2.365	 	
0.540	 	0.790	 	0.108	 	-0.944	 	-1.056	 	-1.405	 	1.423	 	2.366	 	
0.541	 	0.790	 	0.108	 	-0.944	 	-1.056	 	-1.406	 	1.424	 	2.368	 	
0.542	 	0.790	 	0.108	 	-0.945	 	-1.057	 	-1.406	 	1.425	 	2.370	 	
0.543	 	0.790	 	0.108	 	-0.945	 	-1.058	 	-1.407	 	1.426	 	2.371	 	
0.544	 	0.790	 	0.108	 	-0.946	 	-1.058	 	-1.408	 	1.427	 	2.373	 	
0.545	 	0.790	 	0.108	 	-0.947	 	-1.059	 	-1.408	 	1.428	 	2.375	 	
0.546	 	0.790	 	0.109	 	-0.947	 	-1.059	 	-1.409	 	1.429	 	2.376	 	
0.547	 	0.790	 	0.109	 	-0.948	 	-1.060	 	-1.409	 	1.430	 	2.378	 	
0.548	 	0.790	 	0.109	 	-0.948	 	-1.061	 	-1.410	 	1.431	 	2.380	 	
0.549	 	0.790	 	0.109	 	-0.949	 	-1.061	 	-1.410	 	1.433	 	2.382	 	
0.550	 	0.790	 	0.109	 	-0.950	 	-1.062	 	-1.411	 	1.434	 	2.383	 	
0.551	 	0.790	 	0.109	 	-0.950	 	-1.063	 	-1.412	 	1.435	 	2.385	 	
0.552	 	0.790	 	0.109	 	-0.951	 	-1.063	 	-1.412	 	1.436	 	2.387	 	
0.553	 	0.790	 	0.109	 	-0.951	 	-1.064	 	-1.413	 	1.437	 	2.388	 	
0.554	 	0.790	 	0.109	 	-0.952	 	-1.064	 	-1.413	 	1.438	 	2.390	 	
0.555	 	0.790	 	0.109	 	-0.953	 	-1.065	 	-1.414	 	1.439	 	2.392	 	
0.556	 	0.790	 	0.109	 	-0.953	 	-1.066	 	-1.414	 	1.440	 	2.393	 	
0.557	 	0.790	 	0.109	 	-0.954	 	-1.066	 	-1.415	 	1.441	 	2.395	 	
0.558	 	0.790	 	0.110	 	-0.954	 	-1.067	 	-1.416	 	1.442	 	2.397	 	
0.559	 	0.790	 	0.110	 	-0.955	 	-1.067	 	-1.416	 	1.443	 	2.398	 	
0.560	 	0.790	 	0.110	 	-0.956	 	-1.068	 	-1.417	 	1.444	 	2.400	 	
0.561	 	0.790	 	0.110	 	-0.956	 	-1.069	 	-1.417	 	1.445	 	2.402	 	
0.562	 	0.790	 	0.110	 	-0.957	 	-1.069	 	-1.418	 	1.447	 	2.403	 	
0.563	 	0.790	 	0.110	 	-0.957	 	-1.070	 	-1.418	 	1.448	 	2.405	 	
0.564	 	0.790	 	0.110	 	-0.958	 	-1.071	 	-1.419	 	1.449	 	2.407	 	
0.565	 	0.790	 	0.110	 	-0.959	 	-1.071	 	-1.420	 	1.450	 	2.408	 	
0.566	 	0.790	 	0.110	 	-0.959	 	-1.072	 	-1.420	 	1.451	 	2.410	 	
0.567	 	0.790	 	0.110	 	-0.960	 	-1.072	 	-1.421	 	1.452	 	2.412	 	
0.568	 	0.790	 	0.110	 	-0.961	 	-1.073	 	-1.421	 	1.453	 	2.413	 	
0.569	 	0.790	 	0.110	 	-0.961	 	-1.074	 	-1.422	 	1.454	 	2.415	 	
0.570	 	0.790	 	0.111	 	-0.962	 	-1.074	 	-1.422	 	1.455	 	2.417	 	
0.571	 	0.790	 	0.111	 	-0.962	 	-1.075	 	-1.423	 	1.456	 	2.418	 	
0.572	 	0.790	 	0.111	 	-0.963	 	-1.075	 	-1.424	 	1.457	 	2.420	 	
0.573	 	0.790	 	0.111	 	-0.964	 	-1.076	 	-1.424	 	1.458	 	2.422	 	
0.574	 	0.790	 	0.111	 	-0.964	 	-1.077	 	-1.425	 	1.459	 	2.423	 	
0.575	 	0.790	 	0.111	 	-0.965	 	-1.077	 	-1.425	 	1.460	 	2.425	 	
0.576	 	0.790	 	0.111	 	-0.965	 	-1.078	 	-1.426	 	1.461	 	2.427	 	
0.577	 	0.790	 	0.111	 	-0.966	 	-1.079	 	-1.426	 	1.462	 	2.428	 	
0.578	 	0.790	 	0.111	 	-0.967	 	-1.079	 	-1.427	 	1.463	 	2.430	 	
0.579	 	0.790	 	0.111	 	-0.967	 	-1.080	 	-1.428	 	1.465	 	2.432	 	
0.580	 	0.790	 	0.111	 	-0.968	 	-1.080	 	-1.428	 	1.466	 	2.433	 	
0.581	 	0.790	 	0.112	 	-0.969	 	-1.081	 	-1.429	 	1.467	 	2.435	 	
0.582	 	0.790	 	0.112	 	-0.969	 	-1.082	 	-1.429	 	1.468	 	2.437	 	
0.583	 	0.790	 	0.112	 	-0.970	 	-1.082	 	-1.430	 	1.469	 	2.438	 	
0.584	 	0.790	 	0.112	 	-0.970	 	-1.083	 	-1.431	 	1.470	 	2.440	 	
0.585	 	0.790	 	0.112	 	-0.971	 	-1.084	 	-1.431	 	1.471	 	2.442	 	
0.586	 	0.790	 	0.112	 	-0.972	 	-1.084	 	-1.432	 	1.472	 	2.443	 	
0.587	 	0.790	 	0.112	 	-0.972	 	-1.085	 	-1.432	 	1.473	 	2.445	 	
0.588	 	0.790	 	0.112	 	-0.973	 	-1.085	 	-1.433	 	1.474	 	2.447	 	
0.589	 	0.790	 	0.112	 	-0.973	 	-1.086	 	-1.433	 	1.475	 	2.448	 	
0.590	 	0.790	 	0.112	 	-0.974	 	-1.087	 	-1.434	 	1.476	 	2.450	 	
0.591	 	0.790	 	0.112	 	-0.975	 	-1.087	 	-1.435	 	1.477	 	2.452	 	
0.592	 	0.790	 	0.112	 	-0.975	 	-1.088	 	-1.435	 	1.478	 	2.453	 	
0.593	 	0.790	 	0.113	 	-0.976	 	-1.089	 	-1.436	 	1.479	 	2.455	 	
0.594	 	0.790	 	0.113	 	-0.977	 	-1.089	 	-1.436	 	1.480	 	2.457	 	
0.595	 	0.790	 	0.113	 	-0.977	 	-1.090	 	-1.437	 	1.481	 	2.458	 	
0.596	 	0.790	 	0.113	 	-0.978	 	-1.091	 	-1.438	 	1.482	 	2.460	 	
0.597	 	0.790	 	0.113	 	-0.978	 	-1.091	 	-1.438	 	1.483	 	2.462	 	
0.598	 	0.790	 	0.113	 	-0.979	 	-1.092	 	-1.439	 	1.484	 	2.463	 	
0.599	 	0.790	 	0.113	 	-0.980	 	-1.092	 	-1.439	 	1.485	 	2.465	 	
0.600	 	0.790	 	0.113	 	-0.980	 	-1.093	 	-1.440	 	1.486	 	2.466	 	
0.601	 	0.790	 	0.113	 	-0.981	 	-1.094	 	-1.441	 	1.487	 	2.468	 	
0.602	 	0.790	 	0.113	 	-0.982	 	-1.094	 	-1.441	 	1.488	 	2.470	 	
0.603	 	0.790	 	0.113	 	-0.982	 	-1.095	 	-1.442	 	1.489	 	2.471	 	
0.604	 	0.790	 	0.114	 	-0.983	 	-1.096	 	-1.442	 	1.490	 	2.473	 	
0.605	 	0.790	 	0.114	 	-0.984	 	-1.096	 	-1.443	 	1.491	 	2.475	 	
0.606	 	0.790	 	0.114	 	-0.984	 	-1.097	 	-1.444	 	1.492	 	2.476	 	
0.607	 	0.790	 	0.114	 	-0.985	 	-1.098	 	-1.444	 	1.493	 	2.478	 	
0.608	 	0.790	 	0.114	 	-0.985	 	-1.098	 	-1.445	 	1.494	 	2.479	 	
0.609	 	0.790	 	0.114	 	-0.986	 	-1.099	 	-1.445	 	1.495	 	2.481	 	
0.610	 	0.790	 	0.114	 	-0.987	 	-1.099	 	-1.446	 	1.496	 	2.483	 	
0.611	 	0.790	 	0.114	 	-0.987	 	-1.100	 	-1.447	 	1.497	 	2.484	 	
0.612	 	0.790	 	0.114	 	-0.988	 	-1.101	 	-1.447	 	1.498	 	2.486	 	
0.613	 	0.790	 	0.114	 	-0.989	 	-1.101	 	-1.448	 	1.499	 	2.488	 	
0.614	 	0.790	 	0.114	 	-0.989	 	-1.102	 	-1.448	 	1.500	 	2.489	 	
0.615	 	0.790	 	0.114	 	-0.990	 	-1.103	 	-1.449	 	1.501	 	2.491	 	
0.616	 	0.790	 	0.115	 	-0.990	 	-1.103	 	-1.450	 	1.502	 	2.492	 	
0.617	 	0.790	 	0.115	 	-0.991	 	-1.104	 	-1.450	 	1.503	 	2.494	 	
0.618	 	0.790	 	0.115	 	-0.992	 	-1.105	 	-1.451	 	1.504	 	2.496	 	
0.619	 	0.790	 	0.115	 	-0.992	 	-1.105	 	-1.451	 	1.505	 	2.497	 	
0.620	 	0.790	 	0.115	 	-0.993	 	-1.106	 	-1.452	 	1.506	 	2.499	 	
0.621	 	0.790	 	0.115	 	-0.994	 	-1.107	 	-1.453	 	1.507	 	2.501	 	
0.622	 	0.790	 	0.115	 	-0.994	 	-1.107	 	-1.453	 	1.508	 	2.502	 	
0.623	 	0.790	 	0.115	 	-0.995	 	-1.108	 	-1.454	 	1.509	 	2.504	 	
0.624	 	0.790	 	0.115	 	-0.996	 	-1.109	 	-1.454	 	1.510	 	2.505	 	
0.625	 	0.790	 	0.115	 	-0.996	 	-1.109	 	-1.455	 	1.511	 	2.507	 	
0.626	 	0.790	 	0.115	 	-0.997	 	-1.110	 	-1.456	 	1.512	 	2.509	 	
0.627	 	0.790	 	0.116	 	-0.998	 	-1.110	 	-1.456	 	1.513	 	2.510	 	
0.628	 	0.790	 	0.116	 	-0.998	 	-1.111	 	-1.457	 	1.514	 	2.512	 	
0.629	 	0.790	 	0.116	 	-0.999	 	-1.112	 	-1.458	 	1.515	 	2.513	 	
0.630	 	0.790	 	0.116	 	-0.999	 	-1.112	 	-1.458	 	1.515	 	2.515	 	
0.631	 	0.790	 	0.116	 	-1.000	 	-1.113	 	-1.459	 	1.516	 	2.517	 	
0.632	 	0.790	 	0.116	 	-1.001	 	-1.114	 	-1.459	 	1.517	 	2.518	 	
0.633	 	0.790	 	0.116	 	-1.001	 	-1.114	 	-1.460	 	1.518	 	2.520	 	
0.634	 	0.790	 	0.116	 	-1.002	 	-1.115	 	-1.461	 	1.519	 	2.521	 	
0.635	 	0.790	 	0.116	 	-1.003	 	-1.116	 	-1.461	 	1.520	 	2.523	 	
0.636	 	0.790	 	0.116	 	-1.003	 	-1.116	 	-1.462	 	1.521	 	2.525	 	
0.637	 	0.790	 	0.116	 	-1.004	 	-1.117	 	-1.462	 	1.522	 	2.526	 	
0.638	 	0.790	 	0.116	 	-1.005	 	-1.118	 	-1.463	 	1.523	 	2.528	 	
0.639	 	0.790	 	0.117	 	-1.005	 	-1.118	 	-1.464	 	1.524	 	2.529	 	
0.640	 	0.790	 	0.117	 	-1.006	 	-1.119	 	-1.464	 	1.525	 	2.531	 	
0.641	 	0.790	 	0.117	 	-1.007	 	-1.120	 	-1.465	 	1.526	 	2.532	 	
0.642	 	0.790	 	0.117	 	-1.007	 	-1.120	 	-1.466	 	1.527	 	2.534	 	
0.643	 	0.790	 	0.117	 	-1.008	 	-1.121	 	-1.466	 	1.528	 	2.536	 	
0.644	 	0.790	 	0.117	 	-1.009	 	-1.122	 	-1.467	 	1.529	 	2.537	 	
0.645	 	0.790	 	0.117	 	-1.009	 	-1.122	 	-1.467	 	1.530	 	2.539	 	
0.646	 	0.790	 	0.117	 	-1.010	 	-1.123	 	-1.468	 	1.530	 	2.540	 	
0.647	 	0.790	 	0.117	 	-1.011	 	-1.124	 	-1.469	 	1.531	 	2.542	 	
0.648	 	0.790	 	0.117	 	-1.011	 	-1.124	 	-1.469	 	1.532	 	2.544	 	
0.649	 	0.790	 	0.117	 	-1.012	 	-1.125	 	-1.470	 	1.533	 	2.545	 	
0.650	 	0.790	 	0.118	 	-1.013	 	-1.126	 	-1.471	 	1.534	 	2.547	 	
0.651	 	0.790	 	0.118	 	-1.013	 	-1.126	 	-1.471	 	1.535	 	2.548	 	
0.652	 	0.790	 	0.118	 	-1.014	 	-1.127	 	-1.472	 	1.536	 	2.550	 	
0.653	 	0.790	 	0.118	 	-1.015	 	-1.128	 	-1.472	 	1.537	 	2.551	 	
0.654	 	0.790	 	0.118	 	-1.015	 	-1.128	 	-1.473	 	1.538	 	2.553	 	
0.655	 	0.790	 	0.118	 	-1.016	 	-1.129	 	-1.474	 	1.539	 	2.555	 	
0.656	 	0.790	 	0.118	 	-1.017	 	-1.130	 	-1.474	 	1.540	 	2.556	 	
0.657	 	0.790	 	0.118	 	-1.017	 	-1.130	 	-1.475	 	1.540	 	2.558	 	
0.658	 	0.790	 	0.118	 	-1.018	 	-1.131	 	-1.476	 	1.541	 	2.559	 	
0.659	 	0.790	 	0.118	 	-1.019	 	-1.132	 	-1.476	 	1.542	 	2.561	 	
0.660	 	0.790	 	0.118	 	-1.019	 	-1.132	 	-1.477	 	1.543	 	2.562	 	
0.661	 	0.790	 	0.118	 	-1.020	 	-1.133	 	-1.478	 	1.544	 	2.564	 	
0.662	 	0.790	 	0.119	 	-1.021	 	-1.134	 	-1.478	 	1.545	 	2.565	 	
0.663	 	0.790	 	0.119	 	-1.021	 	-1.134	 	-1.479	 	1.546	 	2.567	 	
0.664	 	0.790	 	0.119	 	-1.022	 	-1.135	 	-1.479	 	1.547	 	2.569	 	
0.665	 	0.790	 	0.119	 	-1.023	 	-1.136	 	-1.480	 	1.548	 	2.570	 	
0.666	 	0.790	 	0.119	 	-1.023	 	-1.136	 	-1.481	 	1.548	 	2.572	 	
0.667	 	0.790	 	0.119	 	-1.024	 	-1.137	 	-1.481	 	1.549	 	2.573	 	
0.668	 	0.790	 	0.119	 	-1.025	 	-1.138	 	-1.482	 	1.550	 	2.575	 	
0.669	 	0.790	 	0.119	 	-1.025	 	-1.139	 	-1.483	 	1.551	 	2.576	 	
0.670	 	0.790	 	0.119	 	-1.026	 	-1.139	 	-1.483	 	1.552	 	2.578	 	
0.671	 	0.790	 	0.119	 	-1.027	 	-1.140	 	-1.484	 	1.553	 	2.579	 	
0.672	 	0.790	 	0.119	 	-1.027	 	-1.141	 	-1.485	 	1.554	 	2.581	 	
0.673	 	0.790	 	0.120	 	-1.028	 	-1.141	 	-1.485	 	1.554	 	2.582	 	
0.674	 	0.790	 	0.120	 	-1.029	 	-1.142	 	-1.486	 	1.555	 	2.584	 	
0.675	 	0.790	 	0.120	 	-1.029	 	-1.143	 	-1.487	 	1.556	 	2.586	 	
0.676	 	0.790	 	0.120	 	-1.030	 	-1.143	 	-1.487	 	1.557	 	2.587	 	
0.677	 	0.790	 	0.120	 	-1.031	 	-1.144	 	-1.488	 	1.558	 	2.589	 	
0.678	 	0.790	 	0.120	 	-1.031	 	-1.145	 	-1.489	 	1.559	 	2.590	 	
0.679	 	0.790	 	0.120	 	-1.032	 	-1.145	 	-1.489	 	1.560	 	2.592	 	
0.680	 	0.790	 	0.120	 	-1.033	 	-1.146	 	-1.490	 	1.560	 	2.593	 	
0.681	 	0.790	 	0.120	 	-1.033	 	-1.147	 	-1.490	 	1.561	 	2.595	 	
0.682	 	0.790	 	0.120	 	-1.034	 	-1.147	 	-1.491	 	1.562	 	2.596	 	
0.683	 	0.790	 	0.120	 	-1.035	 	-1.148	 	-1.492	 	1.563	 	2.598	 	
0.684	 	0.790	 	0.120	 	-1.036	 	-1.149	 	-1.492	 	1.564	 	2.599	 	
0.685	 	0.790	 	0.121	 	-1.036	 	-1.150	 	-1.493	 	1.565	 	2.601	 	
0.686	 	0.790	 	0.121	 	-1.037	 	-1.150	 	-1.494	 	1.565	 	2.602	 	
0.687	 	0.790	 	0.121	 	-1.038	 	-1.151	 	-1.494	 	1.566	 	2.604	 	
0.688	 	0.790	 	0.121	 	-1.038	 	-1.152	 	-1.495	 	1.567	 	2.605	 	
0.689	 	0.790	 	0.121	 	-1.039	 	-1.152	 	-1.496	 	1.568	 	2.607	 	
0.690	 	0.790	 	0.121	 	-1.040	 	-1.153	 	-1.496	 	1.569	 	2.608	 	
0.691	 	0.790	 	0.121	 	-1.040	 	-1.154	 	-1.497	 	1.570	 	2.610	 	
0.692	 	0.790	 	0.121	 	-1.041	 	-1.154	 	-1.498	 	1.570	 	2.611	 	
0.693	 	0.790	 	0.121	 	-1.042	 	-1.155	 	-1.498	 	1.571	 	2.613	 	
0.694	 	0.790	 	0.121	 	-1.042	 	-1.156	 	-1.499	 	1.572	 	2.614	 	
0.695	 	0.790	 	0.121	 	-1.043	 	-1.157	 	-1.500	 	1.573	 	2.616	 	
0.696	 	0.790	 	0.122	 	-1.044	 	-1.157	 	-1.500	 	1.574	 	2.617	 	
0.697	 	0.790	 	0.122	 	-1.045	 	-1.158	 	-1.501	 	1.574	 	2.619	 	
0.698	 	0.790	 	0.122	 	-1.045	 	-1.159	 	-1.502	 	1.575	 	2.620	 	
0.699	 	0.790	 	0.122	 	-1.046	 	-1.159	 	-1.502	 	1.576	 	2.622	 	
0.700	 	0.790	 	0.122	 	-1.047	 	-1.160	 	-1.503	 	1.577	 	2.623	 	
0.701	 	0.790	 	0.122	 	-1.047	 	-1.161	 	-1.504	 	1.578	 	2.625	 	
0.702	 	0.790	 	0.122	 	-1.048	 	-1.162	 	-1.504	 	1.578	 	2.626	 	
0.703	 	0.790	 	0.122	 	-1.049	 	-1.162	 	-1.505	 	1.579	 	2.628	 	
0.704	 	0.790	 	0.122	 	-1.049	 	-1.163	 	-1.506	 	1.580	 	2.629	 	
0.705	 	0.790	 	0.122	 	-1.050	 	-1.164	 	-1.506	 	1.581	 	2.631	 	
0.706	 	0.790	 	0.122	 	-1.051	 	-1.164	 	-1.507	 	1.582	 	2.632	 	
0.707	 	0.790	 	0.122	 	-1.052	 	-1.165	 	-1.508	 	1.582	 	2.634	 	
0.708	 	0.790	 	0.123	 	-1.052	 	-1.166	 	-1.508	 	1.583	 	2.635	 	
0.709	 	0.790	 	0.123	 	-1.053	 	-1.167	 	-1.509	 	1.584	 	2.637	 	
0.710	 	0.790	 	0.123	 	-1.054	 	-1.167	 	-1.510	 	1.585	 	2.638	 	
0.711	 	0.790	 	0.123	 	-1.054	 	-1.168	 	-1.511	 	1.585	 	2.640	 	
0.712	 	0.790	 	0.123	 	-1.055	 	-1.169	 	-1.511	 	1.586	 	2.641	 	
0.713	 	0.790	 	0.123	 	-1.056	 	-1.169	 	-1.512	 	1.587	 	2.643	 	
0.714	 	0.790	 	0.123	 	-1.057	 	-1.170	 	-1.513	 	1.588	 	2.644	 	
0.715	 	0.790	 	0.123	 	-1.057	 	-1.171	 	-1.513	 	1.588	 	2.646	 	
0.716	 	0.790	 	0.123	 	-1.058	 	-1.172	 	-1.514	 	1.589	 	2.647	 	
0.717	 	0.790	 	0.123	 	-1.059	 	-1.172	 	-1.515	 	1.590	 	2.649	 	
0.718	 	0.790	 	0.123	 	-1.059	 	-1.173	 	-1.515	 	1.591	 	2.650	 	
0.719	 	0.790	 	0.124	 	-1.060	 	-1.174	 	-1.516	 	1.591	 	2.652	 	
0.720	 	0.790	 	0.124	 	-1.061	 	-1.175	 	-1.517	 	1.592	 	2.653	 	
0.721	 	0.790	 	0.124	 	-1.062	 	-1.175	 	-1.517	 	1.593	 	2.655	 	
0.722	 	0.790	 	0.124	 	-1.062	 	-1.176	 	-1.518	 	1.594	 	2.656	 	
0.723	 	0.790	 	0.124	 	-1.063	 	-1.177	 	-1.519	 	1.594	 	2.657	 	
0.724	 	0.790	 	0.124	 	-1.064	 	-1.177	 	-1.520	 	1.595	 	2.659	 	
0.725	 	0.790	 	0.124	 	-1.065	 	-1.178	 	-1.520	 	1.596	 	2.660	 	
0.726	 	0.790	 	0.124	 	-1.065	 	-1.179	 	-1.521	 	1.597	 	2.662	 	
0.727	 	0.790	 	0.124	 	-1.066	 	-1.180	 	-1.522	 	1.597	 	2.663	 	
0.728	 	0.790	 	0.124	 	-1.067	 	-1.180	 	-1.522	 	1.598	 	2.665	 	
0.729	 	0.790	 	0.124	 	-1.067	 	-1.181	 	-1.523	 	1.599	 	2.666	 	
0.730	 	0.790	 	0.124	 	-1.068	 	-1.182	 	-1.524	 	1.599	 	2.668	 	
0.731	 	0.790	 	0.125	 	-1.069	 	-1.183	 	-1.524	 	1.600	 	2.669	 	
0.732	 	0.790	 	0.125	 	-1.070	 	-1.183	 	-1.525	 	1.601	 	2.671	 	
0.733	 	0.790	 	0.125	 	-1.070	 	-1.184	 	-1.526	 	1.602	 	2.672	 	
0.734	 	0.790	 	0.125	 	-1.071	 	-1.185	 	-1.527	 	1.602	 	2.673	 	
0.735	 	0.790	 	0.125	 	-1.072	 	-1.186	 	-1.527	 	1.603	 	2.675	 	
0.736	 	0.790	 	0.125	 	-1.073	 	-1.186	 	-1.528	 	1.604	 	2.676	 	
0.737	 	0.790	 	0.125	 	-1.073	 	-1.187	 	-1.529	 	1.604	 	2.678	 	
0.738	 	0.790	 	0.125	 	-1.074	 	-1.188	 	-1.529	 	1.605	 	2.679	 	
0.739	 	0.790	 	0.125	 	-1.075	 	-1.189	 	-1.530	 	1.606	 	2.681	 	
0.740	 	0.790	 	0.125	 	-1.076	 	-1.189	 	-1.531	 	1.606	 	2.682	 	
0.741	 	0.790	 	0.125	 	-1.076	 	-1.190	 	-1.532	 	1.607	 	2.684	 	
0.742	 	0.790	 	0.126	 	-1.077	 	-1.191	 	-1.532	 	1.608	 	2.685	 	
0.743	 	0.790	 	0.126	 	-1.078	 	-1.192	 	-1.533	 	1.609	 	2.686	 	
0.744	 	0.790	 	0.126	 	-1.079	 	-1.192	 	-1.534	 	1.609	 	2.688	 	
0.745	 	0.790	 	0.126	 	-1.079	 	-1.193	 	-1.534	 	1.610	 	2.689	 	
0.746	 	0.790	 	0.126	 	-1.080	 	-1.194	 	-1.535	 	1.611	 	2.691	 	
0.747	 	0.790	 	0.126	 	-1.081	 	-1.195	 	-1.536	 	1.611	 	2.692	 	
0.748	 	0.790	 	0.126	 	-1.082	 	-1.195	 	-1.537	 	1.612	 	2.694	 	
0.749	 	0.790	 	0.126	 	-1.082	 	-1.196	 	-1.537	 	1.613	 	2.695	 	
0.750	 	0.790	 	0.126	 	-1.083	 	-1.197	 	-1.538	 	1.613	 	2.696	 	
0.751	 	0.790	 	0.126	 	-1.084	 	-1.198	 	-1.539	 	1.614	 	2.698	 	
0.752	 	0.790	 	0.126	 	-1.085	 	-1.198	 	-1.540	 	1.615	 	2.699	 	
0.753	 	0.790	 	0.126	 	-1.085	 	-1.199	 	-1.540	 	1.615	 	2.701	 	
0.754	 	0.790	 	0.127	 	-1.086	 	-1.200	 	-1.541	 	1.616	 	2.702	 	
0.755	 	0.790	 	0.127	 	-1.087	 	-1.201	 	-1.542	 	1.617	 	2.703	 	
0.756	 	0.790	 	0.127	 	-1.088	 	-1.202	 	-1.542	 	1.617	 	2.705	 	
0.757	 	0.790	 	0.127	 	-1.088	 	-1.202	 	-1.543	 	1.618	 	2.706	 	
0.758	 	0.790	 	0.127	 	-1.089	 	-1.203	 	-1.544	 	1.618	 	2.708	 	
0.759	 	0.790	 	0.127	 	-1.090	 	-1.204	 	-1.545	 	1.619	 	2.709	 	
0.760	 	0.790	 	0.127	 	-1.091	 	-1.205	 	-1.545	 	1.620	 	2.710	 	
0.761	 	0.790	 	0.127	 	-1.092	 	-1.205	 	-1.546	 	1.620	 	2.712	 	
0.762	 	0.790	 	0.127	 	-1.092	 	-1.206	 	-1.547	 	1.621	 	2.713	 	
0.763	 	0.790	 	0.127	 	-1.093	 	-1.207	 	-1.548	 	1.622	 	2.715	 	
0.764	 	0.790	 	0.127	 	-1.094	 	-1.208	 	-1.548	 	1.622	 	2.716	 	
0.765	 	0.790	 	0.128	 	-1.095	 	-1.209	 	-1.549	 	1.623	 	2.718	 	
0.766	 	0.790	 	0.128	 	-1.095	 	-1.209	 	-1.550	 	1.623	 	2.719	 	
0.767	 	0.790	 	0.128	 	-1.096	 	-1.210	 	-1.551	 	1.624	 	2.720	 	
0.768	 	0.790	 	0.128	 	-1.097	 	-1.211	 	-1.551	 	1.625	 	2.722	 	
0.769	 	0.790	 	0.128	 	-1.098	 	-1.212	 	-1.552	 	1.625	 	2.723	 	
0.770	 	0.790	 	0.128	 	-1.099	 	-1.213	 	-1.553	 	1.626	 	2.724	 	
0.771	 	0.790	 	0.128	 	-1.099	 	-1.213	 	-1.554	 	1.626	 	2.726	 	
0.772	 	0.790	 	0.128	 	-1.100	 	-1.214	 	-1.554	 	1.627	 	2.727	 	
0.773	 	0.790	 	0.128	 	-1.101	 	-1.215	 	-1.555	 	1.628	 	2.729	 	
0.774	 	0.790	 	0.128	 	-1.102	 	-1.216	 	-1.556	 	1.628	 	2.730	 	
0.775	 	0.790	 	0.128	 	-1.103	 	-1.217	 	-1.557	 	1.629	 	2.731	 	
0.776	 	0.790	 	0.128	 	-1.103	 	-1.217	 	-1.558	 	1.629	 	2.733	 	
0.777	 	0.790	 	0.129	 	-1.104	 	-1.218	 	-1.558	 	1.630	 	2.734	 	
0.778	 	0.790	 	0.129	 	-1.105	 	-1.219	 	-1.559	 	1.631	 	2.736	 	
0.779	 	0.790	 	0.129	 	-1.106	 	-1.220	 	-1.560	 	1.631	 	2.737	 	
0.780	 	0.790	 	0.129	 	-1.107	 	-1.221	 	-1.561	 	1.632	 	2.738	 	
0.781	 	0.790	 	0.129	 	-1.107	 	-1.221	 	-1.561	 	1.632	 	2.740	 	
0.782	 	0.790	 	0.129	 	-1.108	 	-1.222	 	-1.562	 	1.633	 	2.741	 	
0.783	 	0.790	 	0.129	 	-1.109	 	-1.223	 	-1.563	 	1.633	 	2.742	 	
0.784	 	0.790	 	0.129	 	-1.110	 	-1.224	 	-1.564	 	1.634	 	2.744	 	
0.785	 	0.790	 	0.129	 	-1.111	 	-1.225	 	-1.565	 	1.635	 	2.745	 	
0.786	 	0.790	 	0.129	 	-1.111	 	-1.225	 	-1.565	 	1.635	 	2.747	 	
0.787	 	0.790	 	0.129	 	-1.112	 	-1.226	 	-1.566	 	1.636	 	2.748	 	
0.788	 	0.790	 	0.130	 	-1.113	 	-1.227	 	-1.567	 	1.636	 	2.749	 	
0.789	 	0.790	 	0.130	 	-1.114	 	-1.228	 	-1.568	 	1.637	 	2.751	 	
0.790	 	0.790	 	0.130	 	-1.115	 	-1.229	 	-1.568	 	1.637	 	2.752	 	
0.791	 	0.790	 	0.130	 	-1.116	 	-1.230	 	-1.569	 	1.638	 	2.753	 	
0.792	 	0.790	 	0.130	 	-1.116	 	-1.230	 	-1.570	 	1.638	 	2.755	 	
0.793	 	0.790	 	0.130	 	-1.117	 	-1.231	 	-1.571	 	1.639	 	2.756	 	
0.794	 	0.790	 	0.130	 	-1.118	 	-1.232	 	-1.572	 	1.640	 	2.757	 	
0.795	 	0.790	 	0.130	 	-1.119	 	-1.233	 	-1.572	 	1.640	 	2.759	 	
0.796	 	0.790	 	0.130	 	-1.120	 	-1.234	 	-1.573	 	1.641	 	2.760	 	
0.797	 	0.790	 	0.130	 	-1.120	 	-1.235	 	-1.574	 	1.641	 	2.762	 	
0.798	 	0.790	 	0.130	 	-1.121	 	-1.235	 	-1.575	 	1.642	 	2.763	 	
0.799	 	0.790	 	0.130	 	-1.122	 	-1.236	 	-1.576	 	1.642	 	2.764	 	
0.800	 	0.790	 	0.131	 	-1.123	 	-1.237	 	-1.577	 	1.643	 	2.766	 	
0.801	 	0.790	 	0.131	 	-1.124	 	-1.238	 	-1.577	 	1.643	 	2.767	 	
0.802	 	0.790	 	0.131	 	-1.125	 	-1.239	 	-1.578	 	1.644	 	2.768	 	
0.803	 	0.790	 	0.131	 	-1.126	 	-1.240	 	-1.579	 	1.644	 	2.770	 	
0.804	 	0.790	 	0.131	 	-1.126	 	-1.241	 	-1.580	 	1.645	 	2.771	 	
0.805	 	0.790	 	0.131	 	-1.127	 	-1.241	 	-1.581	 	1.645	 	2.772	 	
0.806	 	0.790	 	0.131	 	-1.128	 	-1.242	 	-1.581	 	1.646	 	2.774	 	
0.807	 	0.790	 	0.131	 	-1.129	 	-1.243	 	-1.582	 	1.646	 	2.775	 	
0.808	 	0.790	 	0.131	 	-1.130	 	-1.244	 	-1.583	 	1.647	 	2.776	 	
0.809	 	0.790	 	0.131	 	-1.131	 	-1.245	 	-1.584	 	1.647	 	2.778	 	
0.810	 	0.790	 	0.131	 	-1.131	 	-1.246	 	-1.585	 	1.648	 	2.779	 	
0.811	 	0.790	 	0.131	 	-1.132	 	-1.247	 	-1.586	 	1.648	 	2.780	 	
0.812	 	0.790	 	0.132	 	-1.133	 	-1.247	 	-1.586	 	1.649	 	2.782	 	
0.813	 	0.790	 	0.132	 	-1.134	 	-1.248	 	-1.587	 	1.649	 	2.783	 	
0.814	 	0.790	 	0.132	 	-1.135	 	-1.249	 	-1.588	 	1.649	 	2.784	 	
0.815	 	0.790	 	0.132	 	-1.136	 	-1.250	 	-1.589	 	1.650	 	2.786	 	
0.816	 	0.790	 	0.132	 	-1.137	 	-1.251	 	-1.590	 	1.650	 	2.787	 	
0.817	 	0.790	 	0.132	 	-1.138	 	-1.252	 	-1.591	 	1.651	 	2.788	 	
0.818	 	0.790	 	0.132	 	-1.138	 	-1.253	 	-1.591	 	1.651	 	2.790	 	
0.819	 	0.790	 	0.132	 	-1.139	 	-1.254	 	-1.592	 	1.652	 	2.791	 	
0.820	 	0.790	 	0.132	 	-1.140	 	-1.254	 	-1.593	 	1.652	 	2.792	 	
0.821	 	0.790	 	0.132	 	-1.141	 	-1.255	 	-1.594	 	1.653	 	2.794	 	
0.822	 	0.790	 	0.132	 	-1.142	 	-1.256	 	-1.595	 	1.653	 	2.795	 	
0.823	 	0.790	 	0.133	 	-1.143	 	-1.257	 	-1.596	 	1.654	 	2.796	 	
0.824	 	0.790	 	0.133	 	-1.144	 	-1.258	 	-1.597	 	1.654	 	2.798	 	
0.825	 	0.790	 	0.133	 	-1.145	 	-1.259	 	-1.598	 	1.654	 	2.799	 	
0.826	 	0.790	 	0.133	 	-1.146	 	-1.260	 	-1.598	 	1.655	 	2.800	 	
0.827	 	0.790	 	0.133	 	-1.146	 	-1.261	 	-1.599	 	1.655	 	2.802	 	
0.828	 	0.790	 	0.133	 	-1.147	 	-1.262	 	-1.600	 	1.656	 	2.803	 	
0.829	 	0.790	 	0.133	 	-1.148	 	-1.263	 	-1.601	 	1.656	 	2.804	 	
0.830	 	0.790	 	0.133	 	-1.149	 	-1.263	 	-1.602	 	1.657	 	2.806	 	
0.831	 	0.790	 	0.133	 	-1.150	 	-1.264	 	-1.603	 	1.657	 	2.807	 	
0.832	 	0.790	 	0.133	 	-1.151	 	-1.265	 	-1.604	 	1.657	 	2.808	 	
0.833	 	0.790	 	0.133	 	-1.152	 	-1.266	 	-1.605	 	1.658	 	2.810	 	
0.834	 	0.790	 	0.133	 	-1.153	 	-1.267	 	-1.605	 	1.658	 	2.811	 	
0.835	 	0.790	 	0.134	 	-1.154	 	-1.268	 	-1.606	 	1.659	 	2.812	 	
0.836	 	0.790	 	0.134	 	-1.155	 	-1.269	 	-1.607	 	1.659	 	2.814	 	
0.837	 	0.790	 	0.134	 	-1.156	 	-1.270	 	-1.608	 	1.659	 	2.815	 	
0.838	 	0.790	 	0.134	 	-1.156	 	-1.271	 	-1.609	 	1.660	 	2.816	 	
0.839	 	0.790	 	0.134	 	-1.157	 	-1.272	 	-1.610	 	1.660	 	2.818	 	
0.840	 	0.790	 	0.134	 	-1.158	 	-1.273	 	-1.611	 	1.661	 	2.819	 	
0.841	 	0.790	 	0.134	 	-1.159	 	-1.274	 	-1.612	 	1.661	 	2.820	 	
0.842	 	0.790	 	0.134	 	-1.160	 	-1.275	 	-1.613	 	1.661	 	2.822	 	
0.843	 	0.790	 	0.134	 	-1.161	 	-1.276	 	-1.614	 	1.662	 	2.823	 	
0.844	 	0.790	 	0.134	 	-1.162	 	-1.277	 	-1.615	 	1.662	 	2.824	 	
0.845	 	0.790	 	0.134	 	-1.163	 	-1.277	 	-1.615	 	1.662	 	2.825	 	
0.846	 	0.790	 	0.135	 	-1.164	 	-1.278	 	-1.616	 	1.663	 	2.827	 	
0.847	 	0.790	 	0.135	 	-1.165	 	-1.279	 	-1.617	 	1.663	 	2.828	 	
0.848	 	0.790	 	0.135	 	-1.166	 	-1.280	 	-1.618	 	1.664	 	2.829	 	
0.849	 	0.790	 	0.135	 	-1.167	 	-1.281	 	-1.619	 	1.664	 	2.831	 	
0.850	 	0.790	 	0.135	 	-1.168	 	-1.282	 	-1.620	 	1.664	 	2.832	 	
0.851	 	0.790	 	0.135	 	-1.169	 	-1.283	 	-1.621	 	1.665	 	2.833	 	
0.852	 	0.790	 	0.135	 	-1.170	 	-1.284	 	-1.622	 	1.665	 	2.835	 	
0.853	 	0.790	 	0.135	 	-1.171	 	-1.285	 	-1.623	 	1.665	 	2.836	 	
0.854	 	0.790	 	0.135	 	-1.172	 	-1.286	 	-1.624	 	1.666	 	2.837	 	
0.855	 	0.790	 	0.135	 	-1.173	 	-1.287	 	-1.625	 	1.666	 	2.839	 	
0.856	 	0.790	 	0.135	 	-1.174	 	-1.288	 	-1.626	 	1.666	 	2.840	 	
0.857	 	0.790	 	0.135	 	-1.175	 	-1.289	 	-1.627	 	1.667	 	2.841	 	
0.858	 	0.790	 	0.136	 	-1.176	 	-1.290	 	-1.628	 	1.667	 	2.843	 	
0.859	 	0.790	 	0.136	 	-1.177	 	-1.291	 	-1.629	 	1.667	 	2.844	 	
0.860	 	0.790	 	0.136	 	-1.178	 	-1.292	 	-1.630	 	1.668	 	2.845	 	
0.861	 	0.790	 	0.136	 	-1.179	 	-1.293	 	-1.631	 	1.668	 	2.846	 	
0.862	 	0.790	 	0.136	 	-1.180	 	-1.294	 	-1.632	 	1.668	 	2.848	 	
0.863	 	0.790	 	0.136	 	-1.181	 	-1.295	 	-1.633	 	1.668	 	2.849	 	
0.864	 	0.790	 	0.136	 	-1.182	 	-1.296	 	-1.634	 	1.669	 	2.850	 	
0.865	 	0.790	 	0.136	 	-1.183	 	-1.297	 	-1.635	 	1.669	 	2.852	 	
0.866	 	0.790	 	0.136	 	-1.184	 	-1.298	 	-1.636	 	1.669	 	2.853	 	
0.867	 	0.790	 	0.136	 	-1.185	 	-1.299	 	-1.637	 	1.670	 	2.854	 	
0.868	 	0.790	 	0.136	 	-1.186	 	-1.300	 	-1.638	 	1.670	 	2.856	 	
0.869	 	0.790	 	0.137	 	-1.187	 	-1.301	 	-1.639	 	1.670	 	2.857	 	
0.870	 	0.790	 	0.137	 	-1.188	 	-1.302	 	-1.640	 	1.671	 	2.858	 	
0.871	 	0.790	 	0.137	 	-1.189	 	-1.303	 	-1.641	 	1.671	 	2.860	 	
0.872	 	0.790	 	0.137	 	-1.190	 	-1.304	 	-1.642	 	1.671	 	2.861	 	
0.873	 	0.790	 	0.137	 	-1.191	 	-1.305	 	-1.643	 	1.671	 	2.862	 	
0.874	 	0.790	 	0.137	 	-1.192	 	-1.306	 	-1.644	 	1.672	 	2.864	 	
0.875	 	0.790	 	0.137	 	-1.193	 	-1.308	 	-1.645	 	1.672	 	2.865	 	
0.876	 	0.790	 	0.137	 	-1.194	 	-1.309	 	-1.646	 	1.672	 	2.866	 	
0.877	 	0.790	 	0.137	 	-1.195	 	-1.310	 	-1.647	 	1.672	 	2.867	 	
0.878	 	0.790	 	0.137	 	-1.196	 	-1.311	 	-1.648	 	1.673	 	2.869	 	
0.879	 	0.790	 	0.137	 	-1.197	 	-1.312	 	-1.649	 	1.673	 	2.870	 	
0.880	 	0.790	 	0.137	 	-1.198	 	-1.313	 	-1.650	 	1.673	 	2.871	 	
0.881	 	0.790	 	0.138	 	-1.199	 	-1.314	 	-1.651	 	1.673	 	2.873	 	
0.882	 	0.790	 	0.138	 	-1.200	 	-1.315	 	-1.652	 	1.674	 	2.874	 	
0.883	 	0.790	 	0.138	 	-1.201	 	-1.316	 	-1.653	 	1.674	 	2.875	 	
0.884	 	0.790	 	0.138	 	-1.202	 	-1.317	 	-1.654	 	1.674	 	2.877	 	
0.885	 	0.790	 	0.138	 	-1.204	 	-1.318	 	-1.655	 	1.674	 	2.878	 	
0.886	 	0.790	 	0.138	 	-1.205	 	-1.319	 	-1.656	 	1.675	 	2.879	 	
0.887	 	0.790	 	0.138	 	-1.206	 	-1.321	 	-1.658	 	1.675	 	2.881	 	
0.888	 	0.790	 	0.138	 	-1.207	 	-1.322	 	-1.659	 	1.675	 	2.882	 	
0.889	 	0.790	 	0.138	 	-1.208	 	-1.323	 	-1.660	 	1.675	 	2.883	 	
0.890	 	0.790	 	0.138	 	-1.209	 	-1.324	 	-1.661	 	1.676	 	2.885	 	
0.891	 	0.790	 	0.138	 	-1.210	 	-1.325	 	-1.662	 	1.676	 	2.886	 	
0.892	 	0.790	 	0.139	 	-1.211	 	-1.326	 	-1.663	 	1.676	 	2.887	 	
0.893	 	0.790	 	0.139	 	-1.212	 	-1.327	 	-1.664	 	1.676	 	2.889	 	
0.894	 	0.790	 	0.139	 	-1.214	 	-1.328	 	-1.665	 	1.676	 	2.890	 	
0.895	 	0.790	 	0.139	 	-1.215	 	-1.330	 	-1.666	 	1.677	 	2.891	 	
0.896	 	0.790	 	0.139	 	-1.216	 	-1.331	 	-1.668	 	1.677	 	2.893	 	
0.897	 	0.790	 	0.139	 	-1.217	 	-1.332	 	-1.669	 	1.677	 	2.894	 	
0.898	 	0.790	 	0.139	 	-1.218	 	-1.333	 	-1.670	 	1.677	 	2.895	 	
0.899	 	0.790	 	0.139	 	-1.219	 	-1.334	 	-1.671	 	1.677	 	2.897	 	
0.900	 	0.790	 	0.139	 	-1.220	 	-1.335	 	-1.672	 	1.678	 	2.898	 	
0.901	 	0.790	 	0.139	 	-1.222	 	-1.336	 	-1.673	 	1.678	 	2.899	 	
0.902	 	0.790	 	0.139	 	-1.223	 	-1.338	 	-1.674	 	1.678	 	2.901	 	
0.903	 	0.790	 	0.139	 	-1.224	 	-1.339	 	-1.676	 	1.678	 	2.902	 	
0.904	 	0.790	 	0.140	 	-1.225	 	-1.340	 	-1.677	 	1.678	 	2.903	 	
0.905	 	0.790	 	0.140	 	-1.226	 	-1.341	 	-1.678	 	1.678	 	2.905	 	
0.906	 	0.790	 	0.140	 	-1.228	 	-1.342	 	-1.679	 	1.679	 	2.906	 	
0.907	 	0.790	 	0.140	 	-1.229	 	-1.344	 	-1.680	 	1.679	 	2.907	 	
0.908	 	0.790	 	0.140	 	-1.230	 	-1.345	 	-1.682	 	1.679	 	2.909	 	
0.909	 	0.790	 	0.140	 	-1.231	 	-1.346	 	-1.683	 	1.679	 	2.910	 	
0.910	 	0.790	 	0.140	 	-1.232	 	-1.347	 	-1.684	 	1.679	 	2.912	 	
0.911	 	0.790	 	0.140	 	-1.234	 	-1.349	 	-1.685	 	1.679	 	2.913	 	
0.912	 	0.790	 	0.140	 	-1.235	 	-1.350	 	-1.686	 	1.679	 	2.914	 	
0.913	 	0.790	 	0.140	 	-1.236	 	-1.351	 	-1.688	 	1.680	 	2.916	 	
0.914	 	0.790	 	0.140	 	-1.237	 	-1.352	 	-1.689	 	1.680	 	2.917	 	
0.915	 	0.790	 	0.141	 	-1.239	 	-1.354	 	-1.690	 	1.680	 	2.918	 	
0.916	 	0.790	 	0.141	 	-1.240	 	-1.355	 	-1.691	 	1.680	 	2.920	 	
0.917	 	0.790	 	0.141	 	-1.241	 	-1.356	 	-1.693	 	1.680	 	2.921	 	
0.918	 	0.790	 	0.141	 	-1.242	 	-1.357	 	-1.694	 	1.680	 	2.923	 	
0.919	 	0.790	 	0.141	 	-1.244	 	-1.359	 	-1.695	 	1.680	 	2.924	 	
0.920	 	0.790	 	0.141	 	-1.245	 	-1.360	 	-1.696	 	1.680	 	2.925	 	
0.921	 	0.790	 	0.141	 	-1.246	 	-1.361	 	-1.698	 	1.681	 	2.927	 	
0.922	 	0.790	 	0.141	 	-1.248	 	-1.362	 	-1.699	 	1.681	 	2.928	 	
0.923	 	0.790	 	0.141	 	-1.249	 	-1.364	 	-1.700	 	1.681	 	2.930	 	
0.924	 	0.790	 	0.141	 	-1.250	 	-1.365	 	-1.702	 	1.681	 	2.931	 	
0.925	 	0.790	 	0.141	 	-1.251	 	-1.366	 	-1.703	 	1.681	 	2.932	 	
0.926	 	0.790	 	0.141	 	-1.253	 	-1.368	 	-1.704	 	1.681	 	2.934	 	
0.927	 	0.790	 	0.142	 	-1.254	 	-1.369	 	-1.706	 	1.681	 	2.935	 	
0.928	 	0.790	 	0.142	 	-1.255	 	-1.370	 	-1.707	 	1.681	 	2.937	 	
0.929	 	0.790	 	0.142	 	-1.257	 	-1.372	 	-1.708	 	1.681	 	2.938	 	
0.930	 	0.790	 	0.142	 	-1.258	 	-1.373	 	-1.710	 	1.681	 	2.940	 	
0.931	 	0.790	 	0.142	 	-1.259	 	-1.375	 	-1.711	 	1.681	 	2.941	 	
0.932	 	0.790	 	0.142	 	-1.261	 	-1.376	 	-1.712	 	1.682	 	2.942	 	
0.933	 	0.790	 	0.142	 	-1.262	 	-1.377	 	-1.714	 	1.682	 	2.944	 	
0.934	 	0.790	 	0.142	 	-1.264	 	-1.379	 	-1.715	 	1.682	 	2.945	 	
0.935	 	0.790	 	0.142	 	-1.265	 	-1.380	 	-1.717	 	1.682	 	2.947	 	
0.936	 	0.790	 	0.142	 	-1.266	 	-1.382	 	-1.718	 	1.682	 	2.948	 	
0.937	 	0.790	 	0.142	 	-1.268	 	-1.383	 	-1.719	 	1.682	 	2.950	 	
0.938	 	0.790	 	0.143	 	-1.269	 	-1.384	 	-1.721	 	1.682	 	2.951	 	
0.939	 	0.790	 	0.143	 	-1.271	 	-1.386	 	-1.722	 	1.682	 	2.953	 	
0.940	 	0.790	 	0.143	 	-1.272	 	-1.387	 	-1.724	 	1.682	 	2.954	 	
0.941	 	0.790	 	0.143	 	-1.274	 	-1.389	 	-1.725	 	1.682	 	2.956	 	
0.942	 	0.790	 	0.143	 	-1.275	 	-1.390	 	-1.727	 	1.682	 	2.957	 	
0.943	 	0.790	 	0.143	 	-1.276	 	-1.392	 	-1.728	 	1.682	 	2.959	 	
0.944	 	0.790	 	0.143	 	-1.278	 	-1.393	 	-1.730	 	1.682	 	2.960	 	
0.945	 	0.790	 	0.143	 	-1.279	 	-1.395	 	-1.731	 	1.682	 	2.962	 	
0.946	 	0.790	 	0.143	 	-1.281	 	-1.396	 	-1.733	 	1.682	 	2.963	 	
0.947	 	0.790	 	0.143	 	-1.282	 	-1.398	 	-1.734	 	1.682	 	2.965	 	
0.948	 	0.790	 	0.143	 	-1.284	 	-1.399	 	-1.736	 	1.682	 	2.966	 	
0.949	 	0.790	 	0.143	 	-1.285	 	-1.401	 	-1.737	 	1.682	 	2.968	 	
0.950	 	0.790	 	0.144	 	-1.287	 	-1.402	 	-1.739	 	1.682	 	2.969	 	
0.951	 	0.790	 	0.144	 	-1.289	 	-1.404	 	-1.740	 	1.682	 	2.971	 	
0.952	 	0.790	 	0.144	 	-1.290	 	-1.405	 	-1.742	 	1.682	 	2.973	 	
0.953	 	0.790	 	0.144	 	-1.292	 	-1.407	 	-1.743	 	1.682	 	2.974	 	
0.954	 	0.790	 	0.144	 	-1.293	 	-1.408	 	-1.745	 	1.682	 	2.976	 	
0.955	 	0.790	 	0.144	 	-1.295	 	-1.410	 	-1.747	 	1.682	 	2.977	 	
0.956	 	0.790	 	0.144	 	-1.296	 	-1.412	 	-1.748	 	1.682	 	2.979	 	
0.957	 	0.790	 	0.144	 	-1.298	 	-1.413	 	-1.750	 	1.682	 	2.980	 	
0.958	 	0.790	 	0.144	 	-1.300	 	-1.415	 	-1.752	 	1.682	 	2.982	 	
0.959	 	0.790	 	0.144	 	-1.301	 	-1.417	 	-1.753	 	1.682	 	2.984	 	
0.960	 	0.790	 	0.144	 	-1.303	 	-1.418	 	-1.755	 	1.682	 	2.985	 	
0.961	 	0.790	 	0.145	 	-1.305	 	-1.420	 	-1.757	 	1.682	 	2.987	 	
0.962	 	0.790	 	0.145	 	-1.306	 	-1.422	 	-1.758	 	1.682	 	2.989	 	
0.963	 	0.790	 	0.145	 	-1.308	 	-1.423	 	-1.760	 	1.682	 	2.990	 	
0.964	 	0.790	 	0.145	 	-1.310	 	-1.425	 	-1.762	 	1.682	 	2.992	 	
0.965	 	0.790	 	0.145	 	-1.311	 	-1.427	 	-1.763	 	1.682	 	2.994	 	
0.966	 	0.790	 	0.145	 	-1.313	 	-1.428	 	-1.765	 	1.682	 	2.995	 	
0.967	 	0.790	 	0.145	 	-1.315	 	-1.430	 	-1.767	 	1.682	 	2.997	 	
0.968	 	0.790	 	0.145	 	-1.317	 	-1.432	 	-1.769	 	1.682	 	2.999	 	
0.969	 	0.790	 	0.145	 	-1.318	 	-1.434	 	-1.770	 	1.682	 	3.001	 	
0.970	 	0.790	 	0.145	 	-1.320	 	-1.435	 	-1.772	 	1.682	 	3.002	 	
0.971	 	0.790	 	0.145	 	-1.322	 	-1.437	 	-1.774	 	1.682	 	3.004	 	
0.972	 	0.790	 	0.145	 	-1.324	 	-1.439	 	-1.776	 	1.682	 	3.006	 	
0.973	 	0.790	 	0.146	 	-1.325	 	-1.441	 	-1.778	 	1.682	 	3.008	 	
0.974	 	0.790	 	0.146	 	-1.327	 	-1.443	 	-1.780	 	1.682	 	3.009	 	
0.975	 	0.790	 	0.146	 	-1.329	 	-1.445	 	-1.782	 	1.682	 	3.011	 	
0.976	 	0.790	 	0.146	 	-1.331	 	-1.447	 	-1.783	 	1.682	 	3.013	 	
0.977	 	0.790	 	0.146	 	-1.333	 	-1.448	 	-1.785	 	1.682	 	3.015	 	
0.978	 	0.790	 	0.146	 	-1.335	 	-1.450	 	-1.787	 	1.682	 	3.017	 	
0.979	 	0.790	 	0.146	 	-1.337	 	-1.452	 	-1.789	 	1.682	 	3.018	 	
0.980	 	0.790	 	0.146	 	-1.339	 	-1.454	 	-1.791	 	1.682	 	3.020	 	
0.981	 	0.790	 	0.146	 	-1.341	 	-1.456	 	-1.793	 	1.682	 	3.022	 	
0.982	 	0.790	 	0.146	 	-1.343	 	-1.458	 	-1.795	 	1.682	 	3.024	 	
0.983	 	0.790	 	0.146	 	-1.345	 	-1.460	 	-1.797	 	1.681	 	3.026	 	
0.984	 	0.790	 	0.147	 	-1.347	 	-1.462	 	-1.799	 	1.681	 	3.028	 	
0.985	 	0.790	 	0.147	 	-1.349	 	-1.464	 	-1.801	 	1.681	 	3.030	 	
0.986	 	0.790	 	0.147	 	-1.351	 	-1.466	 	-1.804	 	1.681	 	3.032	 	
0.987	 	0.790	 	0.147	 	-1.353	 	-1.468	 	-1.806	 	1.681	 	3.034	 	
0.988	 	0.790	 	0.147	 	-1.355	 	-1.470	 	-1.808	 	1.681	 	3.036	 	
0.989	 	0.790	 	0.147	 	-1.357	 	-1.473	 	-1.810	 	1.681	 	3.038	 	
0.990	 	0.790	 	0.147	 	-1.359	 	-1.475	 	-1.812	 	1.681	 	3.040	 	
0.991	 	0.790	 	0.147	 	-1.361	 	-1.477	 	-1.814	 	1.681	 	3.042	 	
0.992	 	0.790	 	0.147	 	-1.363	 	-1.479	 	-1.817	 	1.681	 	3.044	 	
0.993	 	0.790	 	0.147	 	-1.366	 	-1.481	 	-1.819	 	1.681	 	3.046	 	
0.994	 	0.790	 	0.147	 	-1.368	 	-1.483	 	-1.821	 	1.681	 	3.048	 	
0.995	 	0.790	 	0.147	 	-1.370	 	-1.486	 	-1.823	 	1.681	 	3.050	 	
0.996	 	0.790	 	0.148	 	-1.372	 	-1.488	 	-1.826	 	1.680	 	3.053	 	
0.997	 	0.790	 	0.148	 	-1.374	 	-1.490	 	-1.828	 	1.680	 	3.055	 	
0.998	 	0.790	 	0.148	 	-1.377	 	-1.492	 	-1.830	 	1.680	 	3.057	 	
0.999	 	0.790	 	0.148	 	-1.379	 	-1.495	 	-1.833	 	1.680	 	3.059	 	
