x	 	y	 	m_eff	 	Ev_hh	 	Ev_lh	 	Ev_so	 	Ec	 	Eg
0.000	 	0.310	 	0.041	 	-0.500	 	-0.682	 	-1.130	 	0.267	 	0.766	 	
0.001	 	0.310	 	0.041	 	-0.500	 	-0.683	 	-1.130	 	0.267	 	0.767	 	
0.002	 	0.310	 	0.041	 	-0.500	 	-0.683	 	-1.130	 	0.268	 	0.769	 	
0.003	 	0.310	 	0.041	 	-0.501	 	-0.683	 	-1.130	 	0.269	 	0.770	 	
0.004	 	0.310	 	0.041	 	-0.501	 	-0.684	 	-1.130	 	0.270	 	0.771	 	
0.005	 	0.310	 	0.041	 	-0.502	 	-0.684	 	-1.129	 	0.271	 	0.773	 	
0.006	 	0.310	 	0.041	 	-0.502	 	-0.684	 	-1.129	 	0.272	 	0.774	 	
0.007	 	0.310	 	0.041	 	-0.503	 	-0.685	 	-1.129	 	0.272	 	0.775	 	
0.008	 	0.310	 	0.041	 	-0.503	 	-0.685	 	-1.129	 	0.273	 	0.777	 	
0.009	 	0.310	 	0.042	 	-0.504	 	-0.686	 	-1.129	 	0.274	 	0.778	 	
0.010	 	0.310	 	0.042	 	-0.504	 	-0.686	 	-1.129	 	0.275	 	0.779	 	
0.011	 	0.310	 	0.042	 	-0.505	 	-0.686	 	-1.128	 	0.276	 	0.781	 	
0.012	 	0.310	 	0.042	 	-0.505	 	-0.687	 	-1.128	 	0.277	 	0.782	 	
0.013	 	0.310	 	0.042	 	-0.506	 	-0.687	 	-1.128	 	0.277	 	0.783	 	
0.014	 	0.310	 	0.042	 	-0.506	 	-0.687	 	-1.128	 	0.278	 	0.785	 	
0.015	 	0.310	 	0.042	 	-0.507	 	-0.688	 	-1.128	 	0.279	 	0.786	 	
0.016	 	0.310	 	0.042	 	-0.507	 	-0.688	 	-1.128	 	0.280	 	0.787	 	
0.017	 	0.310	 	0.042	 	-0.508	 	-0.688	 	-1.127	 	0.281	 	0.789	 	
0.018	 	0.310	 	0.042	 	-0.508	 	-0.689	 	-1.127	 	0.282	 	0.790	 	
0.019	 	0.310	 	0.042	 	-0.509	 	-0.689	 	-1.127	 	0.282	 	0.791	 	
0.020	 	0.310	 	0.042	 	-0.510	 	-0.690	 	-1.127	 	0.283	 	0.793	 	
0.021	 	0.310	 	0.042	 	-0.510	 	-0.690	 	-1.127	 	0.284	 	0.794	 	
0.022	 	0.310	 	0.042	 	-0.511	 	-0.690	 	-1.127	 	0.285	 	0.795	 	
0.023	 	0.310	 	0.042	 	-0.511	 	-0.691	 	-1.127	 	0.286	 	0.797	 	
0.024	 	0.310	 	0.042	 	-0.512	 	-0.691	 	-1.127	 	0.287	 	0.798	 	
0.025	 	0.310	 	0.042	 	-0.512	 	-0.692	 	-1.126	 	0.287	 	0.800	 	
0.026	 	0.310	 	0.042	 	-0.513	 	-0.692	 	-1.126	 	0.288	 	0.801	 	
0.027	 	0.310	 	0.042	 	-0.513	 	-0.692	 	-1.126	 	0.289	 	0.802	 	
0.028	 	0.310	 	0.042	 	-0.514	 	-0.693	 	-1.126	 	0.290	 	0.804	 	
0.029	 	0.310	 	0.042	 	-0.514	 	-0.693	 	-1.126	 	0.291	 	0.805	 	
0.030	 	0.310	 	0.042	 	-0.515	 	-0.694	 	-1.126	 	0.292	 	0.806	 	
0.031	 	0.310	 	0.042	 	-0.515	 	-0.694	 	-1.126	 	0.293	 	0.808	 	
0.032	 	0.310	 	0.043	 	-0.516	 	-0.694	 	-1.126	 	0.293	 	0.809	 	
0.033	 	0.310	 	0.043	 	-0.516	 	-0.695	 	-1.126	 	0.294	 	0.811	 	
0.034	 	0.310	 	0.043	 	-0.517	 	-0.695	 	-1.125	 	0.295	 	0.812	 	
0.035	 	0.310	 	0.043	 	-0.517	 	-0.696	 	-1.125	 	0.296	 	0.813	 	
0.036	 	0.310	 	0.043	 	-0.518	 	-0.696	 	-1.125	 	0.297	 	0.815	 	
0.037	 	0.310	 	0.043	 	-0.519	 	-0.697	 	-1.125	 	0.298	 	0.816	 	
0.038	 	0.310	 	0.043	 	-0.519	 	-0.697	 	-1.125	 	0.299	 	0.818	 	
0.039	 	0.310	 	0.043	 	-0.520	 	-0.697	 	-1.125	 	0.299	 	0.819	 	
0.040	 	0.310	 	0.043	 	-0.520	 	-0.698	 	-1.125	 	0.300	 	0.820	 	
0.041	 	0.310	 	0.043	 	-0.521	 	-0.698	 	-1.125	 	0.301	 	0.822	 	
0.042	 	0.310	 	0.043	 	-0.521	 	-0.699	 	-1.125	 	0.302	 	0.823	 	
0.043	 	0.310	 	0.043	 	-0.522	 	-0.699	 	-1.125	 	0.303	 	0.825	 	
0.044	 	0.310	 	0.043	 	-0.522	 	-0.700	 	-1.125	 	0.304	 	0.826	 	
0.045	 	0.310	 	0.043	 	-0.523	 	-0.700	 	-1.125	 	0.305	 	0.828	 	
0.046	 	0.310	 	0.043	 	-0.523	 	-0.700	 	-1.125	 	0.305	 	0.829	 	
0.047	 	0.310	 	0.043	 	-0.524	 	-0.701	 	-1.124	 	0.306	 	0.830	 	
0.048	 	0.310	 	0.043	 	-0.525	 	-0.701	 	-1.124	 	0.307	 	0.832	 	
0.049	 	0.310	 	0.043	 	-0.525	 	-0.702	 	-1.124	 	0.308	 	0.833	 	
0.050	 	0.310	 	0.043	 	-0.526	 	-0.702	 	-1.124	 	0.309	 	0.835	 	
0.051	 	0.310	 	0.043	 	-0.526	 	-0.703	 	-1.124	 	0.310	 	0.836	 	
0.052	 	0.310	 	0.043	 	-0.527	 	-0.703	 	-1.124	 	0.311	 	0.837	 	
0.053	 	0.310	 	0.043	 	-0.527	 	-0.704	 	-1.124	 	0.312	 	0.839	 	
0.054	 	0.310	 	0.044	 	-0.528	 	-0.704	 	-1.124	 	0.312	 	0.840	 	
0.055	 	0.310	 	0.044	 	-0.528	 	-0.704	 	-1.124	 	0.313	 	0.842	 	
0.056	 	0.310	 	0.044	 	-0.529	 	-0.705	 	-1.124	 	0.314	 	0.843	 	
0.057	 	0.310	 	0.044	 	-0.530	 	-0.705	 	-1.124	 	0.315	 	0.845	 	
0.058	 	0.310	 	0.044	 	-0.530	 	-0.706	 	-1.124	 	0.316	 	0.846	 	
0.059	 	0.310	 	0.044	 	-0.531	 	-0.706	 	-1.124	 	0.317	 	0.848	 	
0.060	 	0.310	 	0.044	 	-0.531	 	-0.707	 	-1.124	 	0.318	 	0.849	 	
0.061	 	0.310	 	0.044	 	-0.532	 	-0.707	 	-1.124	 	0.319	 	0.850	 	
0.062	 	0.310	 	0.044	 	-0.532	 	-0.708	 	-1.124	 	0.319	 	0.852	 	
0.063	 	0.310	 	0.044	 	-0.533	 	-0.708	 	-1.124	 	0.320	 	0.853	 	
0.064	 	0.310	 	0.044	 	-0.534	 	-0.709	 	-1.124	 	0.321	 	0.855	 	
0.065	 	0.310	 	0.044	 	-0.534	 	-0.709	 	-1.124	 	0.322	 	0.856	 	
0.066	 	0.310	 	0.044	 	-0.535	 	-0.709	 	-1.123	 	0.323	 	0.858	 	
0.067	 	0.310	 	0.044	 	-0.535	 	-0.710	 	-1.123	 	0.324	 	0.859	 	
0.068	 	0.310	 	0.044	 	-0.536	 	-0.710	 	-1.123	 	0.325	 	0.860	 	
0.069	 	0.310	 	0.044	 	-0.536	 	-0.711	 	-1.123	 	0.326	 	0.862	 	
0.070	 	0.310	 	0.044	 	-0.537	 	-0.711	 	-1.123	 	0.326	 	0.863	 	
0.071	 	0.310	 	0.044	 	-0.538	 	-0.712	 	-1.123	 	0.327	 	0.865	 	
0.072	 	0.310	 	0.044	 	-0.538	 	-0.712	 	-1.123	 	0.328	 	0.866	 	
0.073	 	0.310	 	0.044	 	-0.539	 	-0.713	 	-1.123	 	0.329	 	0.868	 	
0.074	 	0.310	 	0.044	 	-0.539	 	-0.713	 	-1.123	 	0.330	 	0.869	 	
0.075	 	0.310	 	0.045	 	-0.540	 	-0.714	 	-1.123	 	0.331	 	0.871	 	
0.076	 	0.310	 	0.045	 	-0.540	 	-0.714	 	-1.123	 	0.332	 	0.872	 	
0.077	 	0.310	 	0.045	 	-0.541	 	-0.715	 	-1.123	 	0.333	 	0.874	 	
0.078	 	0.310	 	0.045	 	-0.542	 	-0.715	 	-1.123	 	0.333	 	0.875	 	
0.079	 	0.310	 	0.045	 	-0.542	 	-0.716	 	-1.123	 	0.334	 	0.876	 	
0.080	 	0.310	 	0.045	 	-0.543	 	-0.716	 	-1.123	 	0.335	 	0.878	 	
0.081	 	0.310	 	0.045	 	-0.543	 	-0.717	 	-1.123	 	0.336	 	0.879	 	
0.082	 	0.310	 	0.045	 	-0.544	 	-0.717	 	-1.123	 	0.337	 	0.881	 	
0.083	 	0.310	 	0.045	 	-0.544	 	-0.717	 	-1.123	 	0.338	 	0.882	 	
0.084	 	0.310	 	0.045	 	-0.545	 	-0.718	 	-1.123	 	0.339	 	0.884	 	
0.085	 	0.310	 	0.045	 	-0.546	 	-0.718	 	-1.123	 	0.340	 	0.885	 	
0.086	 	0.310	 	0.045	 	-0.546	 	-0.719	 	-1.123	 	0.340	 	0.887	 	
0.087	 	0.310	 	0.045	 	-0.547	 	-0.719	 	-1.123	 	0.341	 	0.888	 	
0.088	 	0.310	 	0.045	 	-0.547	 	-0.720	 	-1.123	 	0.342	 	0.890	 	
0.089	 	0.310	 	0.045	 	-0.548	 	-0.720	 	-1.123	 	0.343	 	0.891	 	
0.090	 	0.310	 	0.045	 	-0.548	 	-0.721	 	-1.123	 	0.344	 	0.892	 	
0.091	 	0.310	 	0.045	 	-0.549	 	-0.721	 	-1.123	 	0.345	 	0.894	 	
0.092	 	0.310	 	0.045	 	-0.550	 	-0.722	 	-1.123	 	0.346	 	0.895	 	
0.093	 	0.310	 	0.045	 	-0.550	 	-0.722	 	-1.123	 	0.347	 	0.897	 	
0.094	 	0.310	 	0.045	 	-0.551	 	-0.723	 	-1.123	 	0.348	 	0.898	 	
0.095	 	0.310	 	0.046	 	-0.551	 	-0.723	 	-1.123	 	0.348	 	0.900	 	
0.096	 	0.310	 	0.046	 	-0.552	 	-0.724	 	-1.123	 	0.349	 	0.901	 	
0.097	 	0.310	 	0.046	 	-0.553	 	-0.724	 	-1.123	 	0.350	 	0.903	 	
0.098	 	0.310	 	0.046	 	-0.553	 	-0.725	 	-1.123	 	0.351	 	0.904	 	
0.099	 	0.310	 	0.046	 	-0.554	 	-0.725	 	-1.123	 	0.352	 	0.906	 	
0.100	 	0.310	 	0.046	 	-0.554	 	-0.726	 	-1.123	 	0.353	 	0.907	 	
0.101	 	0.310	 	0.046	 	-0.555	 	-0.726	 	-1.123	 	0.354	 	0.908	 	
0.102	 	0.310	 	0.046	 	-0.555	 	-0.727	 	-1.123	 	0.355	 	0.910	 	
0.103	 	0.310	 	0.046	 	-0.556	 	-0.727	 	-1.123	 	0.355	 	0.911	 	
0.104	 	0.310	 	0.046	 	-0.557	 	-0.728	 	-1.123	 	0.356	 	0.913	 	
0.105	 	0.310	 	0.046	 	-0.557	 	-0.728	 	-1.123	 	0.357	 	0.914	 	
0.106	 	0.310	 	0.046	 	-0.558	 	-0.729	 	-1.123	 	0.358	 	0.916	 	
0.107	 	0.310	 	0.046	 	-0.558	 	-0.729	 	-1.123	 	0.359	 	0.917	 	
0.108	 	0.310	 	0.046	 	-0.559	 	-0.730	 	-1.123	 	0.360	 	0.919	 	
0.109	 	0.310	 	0.046	 	-0.559	 	-0.730	 	-1.123	 	0.361	 	0.920	 	
0.110	 	0.310	 	0.046	 	-0.560	 	-0.731	 	-1.123	 	0.362	 	0.922	 	
0.111	 	0.310	 	0.046	 	-0.561	 	-0.731	 	-1.123	 	0.362	 	0.923	 	
0.112	 	0.310	 	0.046	 	-0.561	 	-0.732	 	-1.123	 	0.363	 	0.925	 	
0.113	 	0.310	 	0.046	 	-0.562	 	-0.732	 	-1.123	 	0.364	 	0.926	 	
0.114	 	0.310	 	0.046	 	-0.562	 	-0.733	 	-1.123	 	0.365	 	0.927	 	
0.115	 	0.310	 	0.047	 	-0.563	 	-0.733	 	-1.123	 	0.366	 	0.929	 	
0.116	 	0.310	 	0.047	 	-0.564	 	-0.734	 	-1.123	 	0.367	 	0.930	 	
0.117	 	0.310	 	0.047	 	-0.564	 	-0.734	 	-1.123	 	0.368	 	0.932	 	
0.118	 	0.310	 	0.047	 	-0.565	 	-0.735	 	-1.123	 	0.369	 	0.933	 	
0.119	 	0.310	 	0.047	 	-0.565	 	-0.735	 	-1.123	 	0.369	 	0.935	 	
0.120	 	0.310	 	0.047	 	-0.566	 	-0.736	 	-1.123	 	0.370	 	0.936	 	
0.121	 	0.310	 	0.047	 	-0.567	 	-0.736	 	-1.123	 	0.371	 	0.938	 	
0.122	 	0.310	 	0.047	 	-0.567	 	-0.737	 	-1.123	 	0.372	 	0.939	 	
0.123	 	0.310	 	0.047	 	-0.568	 	-0.737	 	-1.123	 	0.373	 	0.941	 	
0.124	 	0.310	 	0.047	 	-0.568	 	-0.738	 	-1.123	 	0.374	 	0.942	 	
0.125	 	0.310	 	0.047	 	-0.569	 	-0.738	 	-1.123	 	0.375	 	0.944	 	
0.126	 	0.310	 	0.047	 	-0.569	 	-0.738	 	-1.123	 	0.376	 	0.945	 	
0.127	 	0.310	 	0.047	 	-0.570	 	-0.739	 	-1.123	 	0.376	 	0.946	 	
0.128	 	0.310	 	0.047	 	-0.571	 	-0.739	 	-1.123	 	0.377	 	0.948	 	
0.129	 	0.310	 	0.047	 	-0.571	 	-0.740	 	-1.123	 	0.378	 	0.949	 	
0.130	 	0.310	 	0.047	 	-0.572	 	-0.740	 	-1.124	 	0.379	 	0.951	 	
0.131	 	0.310	 	0.047	 	-0.572	 	-0.741	 	-1.124	 	0.380	 	0.952	 	
0.132	 	0.310	 	0.047	 	-0.573	 	-0.741	 	-1.124	 	0.381	 	0.954	 	
0.133	 	0.310	 	0.047	 	-0.574	 	-0.742	 	-1.124	 	0.382	 	0.955	 	
0.134	 	0.310	 	0.047	 	-0.574	 	-0.742	 	-1.124	 	0.383	 	0.957	 	
0.135	 	0.310	 	0.048	 	-0.575	 	-0.743	 	-1.124	 	0.383	 	0.958	 	
0.136	 	0.310	 	0.048	 	-0.575	 	-0.743	 	-1.124	 	0.384	 	0.960	 	
0.137	 	0.310	 	0.048	 	-0.576	 	-0.744	 	-1.124	 	0.385	 	0.961	 	
0.138	 	0.310	 	0.048	 	-0.576	 	-0.744	 	-1.124	 	0.386	 	0.963	 	
0.139	 	0.310	 	0.048	 	-0.577	 	-0.745	 	-1.124	 	0.387	 	0.964	 	
0.140	 	0.310	 	0.048	 	-0.578	 	-0.745	 	-1.124	 	0.388	 	0.965	 	
0.141	 	0.310	 	0.048	 	-0.578	 	-0.746	 	-1.124	 	0.389	 	0.967	 	
0.142	 	0.310	 	0.048	 	-0.579	 	-0.746	 	-1.124	 	0.390	 	0.968	 	
0.143	 	0.310	 	0.048	 	-0.579	 	-0.747	 	-1.124	 	0.390	 	0.970	 	
0.144	 	0.310	 	0.048	 	-0.580	 	-0.747	 	-1.124	 	0.391	 	0.971	 	
0.145	 	0.310	 	0.048	 	-0.581	 	-0.748	 	-1.124	 	0.392	 	0.973	 	
0.146	 	0.310	 	0.048	 	-0.581	 	-0.748	 	-1.124	 	0.393	 	0.974	 	
0.147	 	0.310	 	0.048	 	-0.582	 	-0.749	 	-1.124	 	0.394	 	0.976	 	
0.148	 	0.310	 	0.048	 	-0.582	 	-0.749	 	-1.124	 	0.395	 	0.977	 	
0.149	 	0.310	 	0.048	 	-0.583	 	-0.750	 	-1.124	 	0.396	 	0.979	 	
0.150	 	0.310	 	0.048	 	-0.584	 	-0.750	 	-1.124	 	0.396	 	0.980	 	
0.151	 	0.310	 	0.048	 	-0.584	 	-0.751	 	-1.124	 	0.397	 	0.981	 	
0.152	 	0.310	 	0.048	 	-0.585	 	-0.751	 	-1.124	 	0.398	 	0.983	 	
0.153	 	0.310	 	0.048	 	-0.585	 	-0.752	 	-1.124	 	0.399	 	0.984	 	
0.154	 	0.310	 	0.048	 	-0.586	 	-0.752	 	-1.124	 	0.400	 	0.986	 	
0.155	 	0.310	 	0.049	 	-0.586	 	-0.753	 	-1.124	 	0.401	 	0.987	 	
0.156	 	0.310	 	0.049	 	-0.587	 	-0.753	 	-1.124	 	0.402	 	0.989	 	
0.157	 	0.310	 	0.049	 	-0.588	 	-0.754	 	-1.124	 	0.403	 	0.990	 	
0.158	 	0.310	 	0.049	 	-0.588	 	-0.754	 	-1.124	 	0.403	 	0.992	 	
0.159	 	0.310	 	0.049	 	-0.589	 	-0.755	 	-1.124	 	0.404	 	0.993	 	
0.160	 	0.310	 	0.049	 	-0.589	 	-0.755	 	-1.125	 	0.405	 	0.994	 	
0.161	 	0.310	 	0.049	 	-0.590	 	-0.756	 	-1.125	 	0.406	 	0.996	 	
0.162	 	0.310	 	0.049	 	-0.591	 	-0.756	 	-1.125	 	0.407	 	0.997	 	
0.163	 	0.310	 	0.049	 	-0.591	 	-0.757	 	-1.125	 	0.408	 	0.999	 	
0.164	 	0.310	 	0.049	 	-0.592	 	-0.757	 	-1.125	 	0.409	 	1.000	 	
0.165	 	0.310	 	0.049	 	-0.592	 	-0.758	 	-1.125	 	0.409	 	1.002	 	
0.166	 	0.310	 	0.049	 	-0.593	 	-0.758	 	-1.125	 	0.410	 	1.003	 	
0.167	 	0.310	 	0.049	 	-0.594	 	-0.759	 	-1.125	 	0.411	 	1.005	 	
0.168	 	0.310	 	0.049	 	-0.594	 	-0.759	 	-1.125	 	0.412	 	1.006	 	
0.169	 	0.310	 	0.049	 	-0.595	 	-0.760	 	-1.125	 	0.413	 	1.007	 	
0.170	 	0.310	 	0.049	 	-0.595	 	-0.760	 	-1.125	 	0.414	 	1.009	 	
0.171	 	0.310	 	0.049	 	-0.596	 	-0.761	 	-1.125	 	0.415	 	1.010	 	
0.172	 	0.310	 	0.049	 	-0.596	 	-0.761	 	-1.125	 	0.415	 	1.012	 	
0.173	 	0.310	 	0.049	 	-0.597	 	-0.762	 	-1.125	 	0.416	 	1.013	 	
0.174	 	0.310	 	0.049	 	-0.598	 	-0.762	 	-1.125	 	0.417	 	1.015	 	
0.175	 	0.310	 	0.049	 	-0.598	 	-0.763	 	-1.125	 	0.418	 	1.016	 	
0.176	 	0.310	 	0.050	 	-0.599	 	-0.763	 	-1.125	 	0.419	 	1.018	 	
0.177	 	0.310	 	0.050	 	-0.599	 	-0.764	 	-1.125	 	0.420	 	1.019	 	
0.178	 	0.310	 	0.050	 	-0.600	 	-0.764	 	-1.125	 	0.421	 	1.020	 	
0.179	 	0.310	 	0.050	 	-0.601	 	-0.765	 	-1.125	 	0.421	 	1.022	 	
0.180	 	0.310	 	0.050	 	-0.601	 	-0.765	 	-1.125	 	0.422	 	1.023	 	
0.181	 	0.310	 	0.050	 	-0.602	 	-0.766	 	-1.125	 	0.423	 	1.025	 	
0.182	 	0.310	 	0.050	 	-0.602	 	-0.766	 	-1.125	 	0.424	 	1.026	 	
0.183	 	0.310	 	0.050	 	-0.603	 	-0.767	 	-1.126	 	0.425	 	1.028	 	
0.184	 	0.310	 	0.050	 	-0.603	 	-0.767	 	-1.126	 	0.426	 	1.029	 	
0.185	 	0.310	 	0.050	 	-0.604	 	-0.768	 	-1.126	 	0.426	 	1.031	 	
0.186	 	0.310	 	0.050	 	-0.605	 	-0.768	 	-1.126	 	0.427	 	1.032	 	
0.187	 	0.310	 	0.050	 	-0.605	 	-0.769	 	-1.126	 	0.428	 	1.033	 	
0.188	 	0.310	 	0.050	 	-0.606	 	-0.769	 	-1.126	 	0.429	 	1.035	 	
0.189	 	0.310	 	0.050	 	-0.606	 	-0.770	 	-1.126	 	0.430	 	1.036	 	
0.190	 	0.310	 	0.050	 	-0.607	 	-0.770	 	-1.126	 	0.431	 	1.038	 	
0.191	 	0.310	 	0.050	 	-0.608	 	-0.771	 	-1.126	 	0.432	 	1.039	 	
0.192	 	0.310	 	0.050	 	-0.608	 	-0.771	 	-1.126	 	0.432	 	1.041	 	
0.193	 	0.310	 	0.050	 	-0.609	 	-0.772	 	-1.126	 	0.433	 	1.042	 	
0.194	 	0.310	 	0.050	 	-0.609	 	-0.772	 	-1.126	 	0.434	 	1.043	 	
0.195	 	0.310	 	0.050	 	-0.610	 	-0.773	 	-1.126	 	0.435	 	1.045	 	
0.196	 	0.310	 	0.051	 	-0.610	 	-0.773	 	-1.126	 	0.436	 	1.046	 	
0.197	 	0.310	 	0.051	 	-0.611	 	-0.774	 	-1.126	 	0.437	 	1.048	 	
0.198	 	0.310	 	0.051	 	-0.612	 	-0.774	 	-1.126	 	0.437	 	1.049	 	
0.199	 	0.310	 	0.051	 	-0.612	 	-0.775	 	-1.126	 	0.438	 	1.051	 	
0.200	 	0.310	 	0.051	 	-0.613	 	-0.775	 	-1.126	 	0.439	 	1.052	 	
0.201	 	0.310	 	0.051	 	-0.613	 	-0.775	 	-1.126	 	0.440	 	1.053	 	
0.202	 	0.310	 	0.051	 	-0.614	 	-0.776	 	-1.126	 	0.441	 	1.055	 	
0.203	 	0.310	 	0.051	 	-0.615	 	-0.776	 	-1.126	 	0.442	 	1.056	 	
0.204	 	0.310	 	0.051	 	-0.615	 	-0.777	 	-1.127	 	0.443	 	1.058	 	
0.205	 	0.310	 	0.051	 	-0.616	 	-0.777	 	-1.127	 	0.443	 	1.059	 	
0.206	 	0.310	 	0.051	 	-0.616	 	-0.778	 	-1.127	 	0.444	 	1.060	 	
0.207	 	0.310	 	0.051	 	-0.617	 	-0.778	 	-1.127	 	0.445	 	1.062	 	
0.208	 	0.310	 	0.051	 	-0.617	 	-0.779	 	-1.127	 	0.446	 	1.063	 	
0.209	 	0.310	 	0.051	 	-0.618	 	-0.779	 	-1.127	 	0.447	 	1.065	 	
0.210	 	0.310	 	0.051	 	-0.619	 	-0.780	 	-1.127	 	0.448	 	1.066	 	
0.211	 	0.310	 	0.051	 	-0.619	 	-0.780	 	-1.127	 	0.448	 	1.068	 	
0.212	 	0.310	 	0.051	 	-0.620	 	-0.781	 	-1.127	 	0.449	 	1.069	 	
0.213	 	0.310	 	0.051	 	-0.620	 	-0.781	 	-1.127	 	0.450	 	1.070	 	
0.214	 	0.310	 	0.051	 	-0.621	 	-0.782	 	-1.127	 	0.451	 	1.072	 	
0.215	 	0.310	 	0.051	 	-0.621	 	-0.782	 	-1.127	 	0.452	 	1.073	 	
0.216	 	0.310	 	0.052	 	-0.622	 	-0.783	 	-1.127	 	0.453	 	1.075	 	
0.217	 	0.310	 	0.052	 	-0.623	 	-0.783	 	-1.127	 	0.453	 	1.076	 	
0.218	 	0.310	 	0.052	 	-0.623	 	-0.784	 	-1.127	 	0.454	 	1.077	 	
0.219	 	0.310	 	0.052	 	-0.624	 	-0.784	 	-1.127	 	0.455	 	1.079	 	
0.220	 	0.310	 	0.052	 	-0.624	 	-0.785	 	-1.127	 	0.456	 	1.080	 	
0.221	 	0.310	 	0.052	 	-0.625	 	-0.785	 	-1.127	 	0.457	 	1.082	 	
0.222	 	0.310	 	0.052	 	-0.625	 	-0.786	 	-1.127	 	0.458	 	1.083	 	
0.223	 	0.310	 	0.052	 	-0.626	 	-0.786	 	-1.128	 	0.458	 	1.084	 	
0.224	 	0.310	 	0.052	 	-0.627	 	-0.787	 	-1.128	 	0.459	 	1.086	 	
0.225	 	0.310	 	0.052	 	-0.627	 	-0.787	 	-1.128	 	0.460	 	1.087	 	
0.226	 	0.310	 	0.052	 	-0.628	 	-0.788	 	-1.128	 	0.461	 	1.089	 	
0.227	 	0.310	 	0.052	 	-0.628	 	-0.788	 	-1.128	 	0.462	 	1.090	 	
0.228	 	0.310	 	0.052	 	-0.629	 	-0.788	 	-1.128	 	0.462	 	1.091	 	
0.229	 	0.310	 	0.052	 	-0.630	 	-0.789	 	-1.128	 	0.463	 	1.093	 	
0.230	 	0.310	 	0.052	 	-0.630	 	-0.789	 	-1.128	 	0.464	 	1.094	 	
0.231	 	0.310	 	0.052	 	-0.631	 	-0.790	 	-1.128	 	0.465	 	1.096	 	
0.232	 	0.310	 	0.052	 	-0.631	 	-0.790	 	-1.128	 	0.466	 	1.097	 	
0.233	 	0.310	 	0.052	 	-0.632	 	-0.791	 	-1.128	 	0.467	 	1.098	 	
0.234	 	0.310	 	0.052	 	-0.632	 	-0.791	 	-1.128	 	0.467	 	1.100	 	
0.235	 	0.310	 	0.052	 	-0.633	 	-0.792	 	-1.128	 	0.468	 	1.101	 	
0.236	 	0.310	 	0.052	 	-0.634	 	-0.792	 	-1.128	 	0.469	 	1.103	 	
0.237	 	0.310	 	0.053	 	-0.634	 	-0.793	 	-1.128	 	0.470	 	1.104	 	
0.238	 	0.310	 	0.053	 	-0.635	 	-0.793	 	-1.128	 	0.471	 	1.105	 	
0.239	 	0.310	 	0.053	 	-0.635	 	-0.794	 	-1.128	 	0.471	 	1.107	 	
0.240	 	0.310	 	0.053	 	-0.636	 	-0.794	 	-1.128	 	0.472	 	1.108	 	
0.241	 	0.310	 	0.053	 	-0.636	 	-0.795	 	-1.128	 	0.473	 	1.110	 	
0.242	 	0.310	 	0.053	 	-0.637	 	-0.795	 	-1.129	 	0.474	 	1.111	 	
0.243	 	0.310	 	0.053	 	-0.638	 	-0.796	 	-1.129	 	0.475	 	1.112	 	
0.244	 	0.310	 	0.053	 	-0.638	 	-0.796	 	-1.129	 	0.476	 	1.114	 	
0.245	 	0.310	 	0.053	 	-0.639	 	-0.797	 	-1.129	 	0.476	 	1.115	 	
0.246	 	0.310	 	0.053	 	-0.639	 	-0.797	 	-1.129	 	0.477	 	1.116	 	
0.247	 	0.310	 	0.053	 	-0.640	 	-0.797	 	-1.129	 	0.478	 	1.118	 	
0.248	 	0.310	 	0.053	 	-0.640	 	-0.798	 	-1.129	 	0.479	 	1.119	 	
0.249	 	0.310	 	0.053	 	-0.641	 	-0.798	 	-1.129	 	0.480	 	1.121	 	
0.250	 	0.310	 	0.053	 	-0.642	 	-0.799	 	-1.129	 	0.480	 	1.122	 	
0.251	 	0.310	 	0.053	 	-0.642	 	-0.799	 	-1.129	 	0.481	 	1.123	 	
0.252	 	0.310	 	0.053	 	-0.643	 	-0.800	 	-1.129	 	0.482	 	1.125	 	
0.253	 	0.310	 	0.053	 	-0.643	 	-0.800	 	-1.129	 	0.483	 	1.126	 	
0.254	 	0.310	 	0.053	 	-0.644	 	-0.801	 	-1.129	 	0.484	 	1.127	 	
0.255	 	0.310	 	0.053	 	-0.644	 	-0.801	 	-1.129	 	0.484	 	1.129	 	
0.256	 	0.310	 	0.053	 	-0.645	 	-0.802	 	-1.129	 	0.485	 	1.130	 	
0.257	 	0.310	 	0.054	 	-0.646	 	-0.802	 	-1.129	 	0.486	 	1.132	 	
0.258	 	0.310	 	0.054	 	-0.646	 	-0.803	 	-1.129	 	0.487	 	1.133	 	
0.259	 	0.310	 	0.054	 	-0.647	 	-0.803	 	-1.129	 	0.488	 	1.134	 	
0.260	 	0.310	 	0.054	 	-0.647	 	-0.803	 	-1.130	 	0.488	 	1.136	 	
0.261	 	0.310	 	0.054	 	-0.648	 	-0.804	 	-1.130	 	0.489	 	1.137	 	
0.262	 	0.310	 	0.054	 	-0.648	 	-0.804	 	-1.130	 	0.490	 	1.138	 	
0.263	 	0.310	 	0.054	 	-0.649	 	-0.805	 	-1.130	 	0.491	 	1.140	 	
0.264	 	0.310	 	0.054	 	-0.649	 	-0.805	 	-1.130	 	0.492	 	1.141	 	
0.265	 	0.310	 	0.054	 	-0.650	 	-0.806	 	-1.130	 	0.492	 	1.143	 	
0.266	 	0.310	 	0.054	 	-0.651	 	-0.806	 	-1.130	 	0.493	 	1.144	 	
0.267	 	0.310	 	0.054	 	-0.651	 	-0.807	 	-1.130	 	0.494	 	1.145	 	
0.268	 	0.310	 	0.054	 	-0.652	 	-0.807	 	-1.130	 	0.495	 	1.147	 	
0.269	 	0.310	 	0.054	 	-0.652	 	-0.808	 	-1.130	 	0.496	 	1.148	 	
0.270	 	0.310	 	0.054	 	-0.653	 	-0.808	 	-1.130	 	0.496	 	1.149	 	
0.271	 	0.310	 	0.054	 	-0.653	 	-0.809	 	-1.130	 	0.497	 	1.151	 	
0.272	 	0.310	 	0.054	 	-0.654	 	-0.809	 	-1.130	 	0.498	 	1.152	 	
0.273	 	0.310	 	0.054	 	-0.655	 	-0.809	 	-1.130	 	0.499	 	1.153	 	
0.274	 	0.310	 	0.054	 	-0.655	 	-0.810	 	-1.130	 	0.500	 	1.155	 	
0.275	 	0.310	 	0.054	 	-0.656	 	-0.810	 	-1.130	 	0.500	 	1.156	 	
0.276	 	0.310	 	0.054	 	-0.656	 	-0.811	 	-1.130	 	0.501	 	1.157	 	
0.277	 	0.310	 	0.054	 	-0.657	 	-0.811	 	-1.130	 	0.502	 	1.159	 	
0.278	 	0.310	 	0.055	 	-0.657	 	-0.812	 	-1.131	 	0.503	 	1.160	 	
0.279	 	0.310	 	0.055	 	-0.658	 	-0.812	 	-1.131	 	0.504	 	1.161	 	
0.280	 	0.310	 	0.055	 	-0.658	 	-0.813	 	-1.131	 	0.504	 	1.163	 	
0.281	 	0.310	 	0.055	 	-0.659	 	-0.813	 	-1.131	 	0.505	 	1.164	 	
0.282	 	0.310	 	0.055	 	-0.660	 	-0.814	 	-1.131	 	0.506	 	1.166	 	
0.283	 	0.310	 	0.055	 	-0.660	 	-0.814	 	-1.131	 	0.507	 	1.167	 	
0.284	 	0.310	 	0.055	 	-0.661	 	-0.814	 	-1.131	 	0.507	 	1.168	 	
0.285	 	0.310	 	0.055	 	-0.661	 	-0.815	 	-1.131	 	0.508	 	1.170	 	
0.286	 	0.310	 	0.055	 	-0.662	 	-0.815	 	-1.131	 	0.509	 	1.171	 	
0.287	 	0.310	 	0.055	 	-0.662	 	-0.816	 	-1.131	 	0.510	 	1.172	 	
0.288	 	0.310	 	0.055	 	-0.663	 	-0.816	 	-1.131	 	0.511	 	1.174	 	
0.289	 	0.310	 	0.055	 	-0.664	 	-0.817	 	-1.131	 	0.511	 	1.175	 	
0.290	 	0.310	 	0.055	 	-0.664	 	-0.817	 	-1.131	 	0.512	 	1.176	 	
0.291	 	0.310	 	0.055	 	-0.665	 	-0.818	 	-1.131	 	0.513	 	1.178	 	
0.292	 	0.310	 	0.055	 	-0.665	 	-0.818	 	-1.131	 	0.514	 	1.179	 	
0.293	 	0.310	 	0.055	 	-0.666	 	-0.818	 	-1.131	 	0.515	 	1.180	 	
0.294	 	0.310	 	0.055	 	-0.666	 	-0.819	 	-1.131	 	0.515	 	1.182	 	
0.295	 	0.310	 	0.055	 	-0.667	 	-0.819	 	-1.132	 	0.516	 	1.183	 	
0.296	 	0.310	 	0.055	 	-0.667	 	-0.820	 	-1.132	 	0.517	 	1.184	 	
0.297	 	0.310	 	0.055	 	-0.668	 	-0.820	 	-1.132	 	0.518	 	1.186	 	
0.298	 	0.310	 	0.055	 	-0.669	 	-0.821	 	-1.132	 	0.518	 	1.187	 	
0.299	 	0.310	 	0.056	 	-0.669	 	-0.821	 	-1.132	 	0.519	 	1.188	 	
0.300	 	0.310	 	0.056	 	-0.670	 	-0.822	 	-1.132	 	0.520	 	1.190	 	
0.301	 	0.310	 	0.056	 	-0.670	 	-0.822	 	-1.132	 	0.521	 	1.191	 	
0.302	 	0.310	 	0.056	 	-0.671	 	-0.822	 	-1.132	 	0.521	 	1.192	 	
0.303	 	0.310	 	0.056	 	-0.671	 	-0.823	 	-1.132	 	0.522	 	1.194	 	
0.304	 	0.310	 	0.056	 	-0.672	 	-0.823	 	-1.132	 	0.523	 	1.195	 	
0.305	 	0.310	 	0.056	 	-0.672	 	-0.824	 	-1.132	 	0.524	 	1.196	 	
0.306	 	0.310	 	0.056	 	-0.673	 	-0.824	 	-1.132	 	0.525	 	1.197	 	
0.307	 	0.310	 	0.056	 	-0.674	 	-0.825	 	-1.132	 	0.525	 	1.199	 	
0.308	 	0.310	 	0.056	 	-0.674	 	-0.825	 	-1.132	 	0.526	 	1.200	 	
0.309	 	0.310	 	0.056	 	-0.675	 	-0.825	 	-1.132	 	0.527	 	1.201	 	
0.310	 	0.310	 	0.056	 	-0.675	 	-0.826	 	-1.132	 	0.528	 	1.203	 	
0.311	 	0.310	 	0.056	 	-0.676	 	-0.826	 	-1.132	 	0.528	 	1.204	 	
0.312	 	0.310	 	0.056	 	-0.676	 	-0.827	 	-1.132	 	0.529	 	1.205	 	
0.313	 	0.310	 	0.056	 	-0.677	 	-0.827	 	-1.133	 	0.530	 	1.207	 	
0.314	 	0.310	 	0.056	 	-0.677	 	-0.828	 	-1.133	 	0.531	 	1.208	 	
0.315	 	0.310	 	0.056	 	-0.678	 	-0.828	 	-1.133	 	0.531	 	1.209	 	
0.316	 	0.310	 	0.056	 	-0.678	 	-0.828	 	-1.133	 	0.532	 	1.211	 	
0.317	 	0.310	 	0.056	 	-0.679	 	-0.829	 	-1.133	 	0.533	 	1.212	 	
0.318	 	0.310	 	0.056	 	-0.680	 	-0.829	 	-1.133	 	0.534	 	1.213	 	
0.319	 	0.310	 	0.056	 	-0.680	 	-0.830	 	-1.133	 	0.534	 	1.215	 	
0.320	 	0.310	 	0.056	 	-0.681	 	-0.830	 	-1.133	 	0.535	 	1.216	 	
0.321	 	0.310	 	0.057	 	-0.681	 	-0.831	 	-1.133	 	0.536	 	1.217	 	
0.322	 	0.310	 	0.057	 	-0.682	 	-0.831	 	-1.133	 	0.537	 	1.218	 	
0.323	 	0.310	 	0.057	 	-0.682	 	-0.831	 	-1.133	 	0.537	 	1.220	 	
0.324	 	0.310	 	0.057	 	-0.683	 	-0.832	 	-1.133	 	0.538	 	1.221	 	
0.325	 	0.310	 	0.057	 	-0.683	 	-0.832	 	-1.133	 	0.539	 	1.222	 	
0.326	 	0.310	 	0.057	 	-0.684	 	-0.833	 	-1.133	 	0.540	 	1.224	 	
0.327	 	0.310	 	0.057	 	-0.684	 	-0.833	 	-1.133	 	0.540	 	1.225	 	
0.328	 	0.310	 	0.057	 	-0.685	 	-0.834	 	-1.133	 	0.541	 	1.226	 	
0.329	 	0.310	 	0.057	 	-0.686	 	-0.834	 	-1.133	 	0.542	 	1.228	 	
0.330	 	0.310	 	0.057	 	-0.686	 	-0.834	 	-1.134	 	0.543	 	1.229	 	
0.331	 	0.310	 	0.057	 	-0.687	 	-0.835	 	-1.134	 	0.543	 	1.230	 	
0.332	 	0.310	 	0.057	 	-0.687	 	-0.835	 	-1.134	 	0.544	 	1.231	 	
0.333	 	0.310	 	0.057	 	-0.688	 	-0.836	 	-1.134	 	0.545	 	1.233	 	
0.334	 	0.310	 	0.057	 	-0.688	 	-0.836	 	-1.134	 	0.546	 	1.234	 	
0.335	 	0.310	 	0.057	 	-0.689	 	-0.836	 	-1.134	 	0.546	 	1.235	 	
0.336	 	0.310	 	0.057	 	-0.689	 	-0.837	 	-1.134	 	0.547	 	1.237	 	
0.337	 	0.310	 	0.057	 	-0.690	 	-0.837	 	-1.134	 	0.548	 	1.238	 	
0.338	 	0.310	 	0.057	 	-0.690	 	-0.838	 	-1.134	 	0.549	 	1.239	 	
0.339	 	0.310	 	0.057	 	-0.691	 	-0.838	 	-1.134	 	0.549	 	1.240	 	
0.340	 	0.310	 	0.057	 	-0.692	 	-0.839	 	-1.134	 	0.550	 	1.242	 	
0.341	 	0.310	 	0.057	 	-0.692	 	-0.839	 	-1.134	 	0.551	 	1.243	 	
0.342	 	0.310	 	0.058	 	-0.693	 	-0.839	 	-1.134	 	0.552	 	1.244	 	
0.343	 	0.310	 	0.058	 	-0.693	 	-0.840	 	-1.134	 	0.552	 	1.245	 	
0.344	 	0.310	 	0.058	 	-0.694	 	-0.840	 	-1.134	 	0.553	 	1.247	 	
0.345	 	0.310	 	0.058	 	-0.694	 	-0.841	 	-1.134	 	0.554	 	1.248	 	
0.346	 	0.310	 	0.058	 	-0.695	 	-0.841	 	-1.134	 	0.555	 	1.249	 	
0.347	 	0.310	 	0.058	 	-0.695	 	-0.841	 	-1.135	 	0.555	 	1.251	 	
0.348	 	0.310	 	0.058	 	-0.696	 	-0.842	 	-1.135	 	0.556	 	1.252	 	
0.349	 	0.310	 	0.058	 	-0.696	 	-0.842	 	-1.135	 	0.557	 	1.253	 	
0.350	 	0.310	 	0.058	 	-0.697	 	-0.843	 	-1.135	 	0.557	 	1.254	 	
0.351	 	0.310	 	0.058	 	-0.697	 	-0.843	 	-1.135	 	0.558	 	1.256	 	
0.352	 	0.310	 	0.058	 	-0.698	 	-0.843	 	-1.135	 	0.559	 	1.257	 	
0.353	 	0.310	 	0.058	 	-0.699	 	-0.844	 	-1.135	 	0.560	 	1.258	 	
0.354	 	0.310	 	0.058	 	-0.699	 	-0.844	 	-1.135	 	0.560	 	1.259	 	
0.355	 	0.310	 	0.058	 	-0.700	 	-0.845	 	-1.135	 	0.561	 	1.261	 	
0.356	 	0.310	 	0.058	 	-0.700	 	-0.845	 	-1.135	 	0.562	 	1.262	 	
0.357	 	0.310	 	0.058	 	-0.701	 	-0.845	 	-1.135	 	0.563	 	1.263	 	
0.358	 	0.310	 	0.058	 	-0.701	 	-0.846	 	-1.135	 	0.563	 	1.264	 	
0.359	 	0.310	 	0.058	 	-0.702	 	-0.846	 	-1.135	 	0.564	 	1.266	 	
0.360	 	0.310	 	0.058	 	-0.702	 	-0.847	 	-1.135	 	0.565	 	1.267	 	
0.361	 	0.310	 	0.058	 	-0.703	 	-0.847	 	-1.135	 	0.565	 	1.268	 	
0.362	 	0.310	 	0.058	 	-0.703	 	-0.847	 	-1.135	 	0.566	 	1.269	 	
0.363	 	0.310	 	0.058	 	-0.704	 	-0.848	 	-1.135	 	0.567	 	1.271	 	
0.364	 	0.310	 	0.059	 	-0.704	 	-0.848	 	-1.135	 	0.568	 	1.272	 	
0.365	 	0.310	 	0.059	 	-0.705	 	-0.849	 	-1.136	 	0.568	 	1.273	 	
0.366	 	0.310	 	0.059	 	-0.705	 	-0.849	 	-1.136	 	0.569	 	1.274	 	
0.367	 	0.310	 	0.059	 	-0.706	 	-0.849	 	-1.136	 	0.570	 	1.276	 	
0.368	 	0.310	 	0.059	 	-0.707	 	-0.850	 	-1.136	 	0.570	 	1.277	 	
0.369	 	0.310	 	0.059	 	-0.707	 	-0.850	 	-1.136	 	0.571	 	1.278	 	
0.370	 	0.310	 	0.059	 	-0.708	 	-0.851	 	-1.136	 	0.572	 	1.279	 	
0.371	 	0.310	 	0.059	 	-0.708	 	-0.851	 	-1.136	 	0.573	 	1.281	 	
0.372	 	0.310	 	0.059	 	-0.709	 	-0.851	 	-1.136	 	0.573	 	1.282	 	
0.373	 	0.310	 	0.059	 	-0.709	 	-0.852	 	-1.136	 	0.574	 	1.283	 	
0.374	 	0.310	 	0.059	 	-0.710	 	-0.852	 	-1.136	 	0.575	 	1.284	 	
0.375	 	0.310	 	0.059	 	-0.710	 	-0.853	 	-1.136	 	0.575	 	1.286	 	
0.376	 	0.310	 	0.059	 	-0.711	 	-0.853	 	-1.136	 	0.576	 	1.287	 	
0.377	 	0.310	 	0.059	 	-0.711	 	-0.853	 	-1.136	 	0.577	 	1.288	 	
0.378	 	0.310	 	0.059	 	-0.712	 	-0.854	 	-1.136	 	0.578	 	1.289	 	
0.379	 	0.310	 	0.059	 	-0.712	 	-0.854	 	-1.136	 	0.578	 	1.291	 	
0.380	 	0.310	 	0.059	 	-0.713	 	-0.855	 	-1.136	 	0.579	 	1.292	 	
0.381	 	0.310	 	0.059	 	-0.713	 	-0.855	 	-1.136	 	0.580	 	1.293	 	
0.382	 	0.310	 	0.059	 	-0.714	 	-0.855	 	-1.137	 	0.580	 	1.294	 	
0.383	 	0.310	 	0.059	 	-0.714	 	-0.856	 	-1.137	 	0.581	 	1.296	 	
0.384	 	0.310	 	0.059	 	-0.715	 	-0.856	 	-1.137	 	0.582	 	1.297	 	
0.385	 	0.310	 	0.059	 	-0.715	 	-0.856	 	-1.137	 	0.582	 	1.298	 	
0.386	 	0.310	 	0.059	 	-0.716	 	-0.857	 	-1.137	 	0.583	 	1.299	 	
0.387	 	0.310	 	0.060	 	-0.717	 	-0.857	 	-1.137	 	0.584	 	1.300	 	
0.388	 	0.310	 	0.060	 	-0.717	 	-0.858	 	-1.137	 	0.585	 	1.302	 	
0.389	 	0.310	 	0.060	 	-0.718	 	-0.858	 	-1.137	 	0.585	 	1.303	 	
0.390	 	0.310	 	0.060	 	-0.718	 	-0.858	 	-1.137	 	0.586	 	1.304	 	
0.391	 	0.310	 	0.060	 	-0.719	 	-0.859	 	-1.137	 	0.587	 	1.305	 	
0.392	 	0.310	 	0.060	 	-0.719	 	-0.859	 	-1.137	 	0.587	 	1.306	 	
0.393	 	0.310	 	0.060	 	-0.720	 	-0.859	 	-1.137	 	0.588	 	1.308	 	
0.394	 	0.310	 	0.060	 	-0.720	 	-0.860	 	-1.137	 	0.589	 	1.309	 	
0.395	 	0.310	 	0.060	 	-0.721	 	-0.860	 	-1.137	 	0.589	 	1.310	 	
0.396	 	0.310	 	0.060	 	-0.721	 	-0.861	 	-1.137	 	0.590	 	1.311	 	
0.397	 	0.310	 	0.060	 	-0.722	 	-0.861	 	-1.137	 	0.591	 	1.313	 	
0.398	 	0.310	 	0.060	 	-0.722	 	-0.861	 	-1.137	 	0.591	 	1.314	 	
0.399	 	0.310	 	0.060	 	-0.723	 	-0.862	 	-1.138	 	0.592	 	1.315	 	
0.400	 	0.310	 	0.060	 	-0.723	 	-0.862	 	-1.138	 	0.593	 	1.316	 	
0.401	 	0.310	 	0.060	 	-0.724	 	-0.862	 	-1.138	 	0.594	 	1.317	 	
0.402	 	0.310	 	0.060	 	-0.724	 	-0.863	 	-1.138	 	0.594	 	1.319	 	
0.403	 	0.310	 	0.060	 	-0.725	 	-0.863	 	-1.138	 	0.595	 	1.320	 	
0.404	 	0.310	 	0.060	 	-0.725	 	-0.863	 	-1.138	 	0.596	 	1.321	 	
0.405	 	0.310	 	0.060	 	-0.726	 	-0.864	 	-1.138	 	0.596	 	1.322	 	
0.406	 	0.310	 	0.060	 	-0.726	 	-0.864	 	-1.138	 	0.597	 	1.323	 	
0.407	 	0.310	 	0.060	 	-0.727	 	-0.865	 	-1.138	 	0.598	 	1.325	 	
0.408	 	0.310	 	0.060	 	-0.727	 	-0.865	 	-1.138	 	0.598	 	1.326	 	
0.409	 	0.310	 	0.061	 	-0.728	 	-0.865	 	-1.138	 	0.599	 	1.327	 	
0.410	 	0.310	 	0.061	 	-0.728	 	-0.866	 	-1.138	 	0.600	 	1.328	 	
0.411	 	0.310	 	0.061	 	-0.729	 	-0.866	 	-1.138	 	0.600	 	1.329	 	
0.412	 	0.310	 	0.061	 	-0.730	 	-0.866	 	-1.138	 	0.601	 	1.331	 	
0.413	 	0.310	 	0.061	 	-0.730	 	-0.867	 	-1.138	 	0.602	 	1.332	 	
0.414	 	0.310	 	0.061	 	-0.731	 	-0.867	 	-1.138	 	0.602	 	1.333	 	
0.415	 	0.310	 	0.061	 	-0.731	 	-0.867	 	-1.138	 	0.603	 	1.334	 	
0.416	 	0.310	 	0.061	 	-0.732	 	-0.868	 	-1.139	 	0.604	 	1.335	 	
0.417	 	0.310	 	0.061	 	-0.732	 	-0.868	 	-1.139	 	0.604	 	1.336	 	
0.418	 	0.310	 	0.061	 	-0.733	 	-0.869	 	-1.139	 	0.605	 	1.338	 	
0.419	 	0.310	 	0.061	 	-0.733	 	-0.869	 	-1.139	 	0.606	 	1.339	 	
0.420	 	0.310	 	0.061	 	-0.734	 	-0.869	 	-1.139	 	0.606	 	1.340	 	
0.421	 	0.310	 	0.061	 	-0.734	 	-0.870	 	-1.139	 	0.607	 	1.341	 	
0.422	 	0.310	 	0.061	 	-0.735	 	-0.870	 	-1.139	 	0.608	 	1.342	 	
0.423	 	0.310	 	0.061	 	-0.735	 	-0.870	 	-1.139	 	0.608	 	1.343	 	
0.424	 	0.310	 	0.061	 	-0.736	 	-0.871	 	-1.139	 	0.609	 	1.345	 	
0.425	 	0.310	 	0.061	 	-0.736	 	-0.871	 	-1.139	 	0.610	 	1.346	 	
0.426	 	0.310	 	0.061	 	-0.737	 	-0.871	 	-1.139	 	0.610	 	1.347	 	
0.427	 	0.310	 	0.061	 	-0.737	 	-0.872	 	-1.139	 	0.611	 	1.348	 	
0.428	 	0.310	 	0.061	 	-0.738	 	-0.872	 	-1.139	 	0.612	 	1.349	 	
0.429	 	0.310	 	0.061	 	-0.738	 	-0.872	 	-1.139	 	0.612	 	1.351	 	
0.430	 	0.310	 	0.061	 	-0.739	 	-0.873	 	-1.139	 	0.613	 	1.352	 	
0.431	 	0.310	 	0.061	 	-0.739	 	-0.873	 	-1.139	 	0.614	 	1.353	 	
0.432	 	0.310	 	0.061	 	-0.740	 	-0.873	 	-1.139	 	0.614	 	1.354	 	
0.433	 	0.310	 	0.062	 	-0.740	 	-0.874	 	-1.140	 	0.615	 	1.355	 	
0.434	 	0.310	 	0.062	 	-0.741	 	-0.874	 	-1.140	 	0.616	 	1.356	 	
0.435	 	0.310	 	0.062	 	-0.741	 	-0.874	 	-1.140	 	0.616	 	1.357	 	
0.436	 	0.310	 	0.062	 	-0.742	 	-0.875	 	-1.140	 	0.617	 	1.359	 	
0.437	 	0.310	 	0.062	 	-0.742	 	-0.875	 	-1.140	 	0.618	 	1.360	 	
0.438	 	0.310	 	0.062	 	-0.743	 	-0.875	 	-1.140	 	0.618	 	1.361	 	
0.439	 	0.310	 	0.062	 	-0.743	 	-0.876	 	-1.140	 	0.619	 	1.362	 	
0.440	 	0.310	 	0.062	 	-0.744	 	-0.876	 	-1.140	 	0.619	 	1.363	 	
0.441	 	0.310	 	0.062	 	-0.744	 	-0.876	 	-1.140	 	0.620	 	1.364	 	
0.442	 	0.310	 	0.062	 	-0.745	 	-0.877	 	-1.140	 	0.621	 	1.366	 	
0.443	 	0.310	 	0.062	 	-0.745	 	-0.877	 	-1.140	 	0.621	 	1.367	 	
0.444	 	0.310	 	0.062	 	-0.746	 	-0.877	 	-1.140	 	0.622	 	1.368	 	
0.445	 	0.310	 	0.062	 	-0.746	 	-0.878	 	-1.140	 	0.623	 	1.369	 	
0.446	 	0.310	 	0.062	 	-0.747	 	-0.878	 	-1.140	 	0.623	 	1.370	 	
0.447	 	0.310	 	0.062	 	-0.747	 	-0.878	 	-1.140	 	0.624	 	1.371	 	
0.448	 	0.310	 	0.062	 	-0.748	 	-0.879	 	-1.140	 	0.625	 	1.372	 	
0.449	 	0.310	 	0.062	 	-0.748	 	-0.879	 	-1.141	 	0.625	 	1.374	 	
0.450	 	0.310	 	0.062	 	-0.749	 	-0.879	 	-1.141	 	0.626	 	1.375	 	
0.451	 	0.310	 	0.062	 	-0.749	 	-0.880	 	-1.141	 	0.627	 	1.376	 	
0.452	 	0.310	 	0.062	 	-0.750	 	-0.880	 	-1.141	 	0.627	 	1.377	 	
0.453	 	0.310	 	0.062	 	-0.750	 	-0.880	 	-1.141	 	0.628	 	1.378	 	
0.454	 	0.310	 	0.062	 	-0.751	 	-0.881	 	-1.141	 	0.628	 	1.379	 	
0.455	 	0.310	 	0.062	 	-0.751	 	-0.881	 	-1.141	 	0.629	 	1.380	 	
0.456	 	0.310	 	0.063	 	-0.752	 	-0.881	 	-1.141	 	0.630	 	1.382	 	
0.457	 	0.310	 	0.063	 	-0.752	 	-0.882	 	-1.141	 	0.630	 	1.383	 	
0.458	 	0.310	 	0.063	 	-0.753	 	-0.882	 	-1.141	 	0.631	 	1.384	 	
0.459	 	0.310	 	0.063	 	-0.753	 	-0.882	 	-1.141	 	0.632	 	1.385	 	
0.460	 	0.310	 	0.063	 	-0.754	 	-0.883	 	-1.141	 	0.632	 	1.386	 	
0.461	 	0.310	 	0.063	 	-0.754	 	-0.883	 	-1.141	 	0.633	 	1.387	 	
0.462	 	0.310	 	0.063	 	-0.755	 	-0.883	 	-1.141	 	0.634	 	1.388	 	
0.463	 	0.310	 	0.063	 	-0.755	 	-0.884	 	-1.141	 	0.634	 	1.389	 	
0.464	 	0.310	 	0.063	 	-0.756	 	-0.884	 	-1.141	 	0.635	 	1.390	 	
0.465	 	0.310	 	0.063	 	-0.756	 	-0.884	 	-1.142	 	0.635	 	1.392	 	
0.466	 	0.310	 	0.063	 	-0.757	 	-0.885	 	-1.142	 	0.636	 	1.393	 	
0.467	 	0.310	 	0.063	 	-0.757	 	-0.885	 	-1.142	 	0.637	 	1.394	 	
0.468	 	0.310	 	0.063	 	-0.758	 	-0.885	 	-1.142	 	0.637	 	1.395	 	
0.469	 	0.310	 	0.063	 	-0.758	 	-0.885	 	-1.142	 	0.638	 	1.396	 	
0.470	 	0.310	 	0.063	 	-0.759	 	-0.886	 	-1.142	 	0.638	 	1.397	 	
0.471	 	0.310	 	0.063	 	-0.759	 	-0.886	 	-1.142	 	0.639	 	1.398	 	
0.472	 	0.310	 	0.063	 	-0.760	 	-0.886	 	-1.142	 	0.640	 	1.399	 	
0.473	 	0.310	 	0.063	 	-0.760	 	-0.887	 	-1.142	 	0.640	 	1.401	 	
0.474	 	0.310	 	0.063	 	-0.761	 	-0.887	 	-1.142	 	0.641	 	1.402	 	
0.475	 	0.310	 	0.063	 	-0.761	 	-0.887	 	-1.142	 	0.642	 	1.403	 	
0.476	 	0.310	 	0.063	 	-0.762	 	-0.888	 	-1.142	 	0.642	 	1.404	 	
0.477	 	0.310	 	0.063	 	-0.762	 	-0.888	 	-1.142	 	0.643	 	1.405	 	
0.478	 	0.310	 	0.063	 	-0.763	 	-0.888	 	-1.142	 	0.643	 	1.406	 	
0.479	 	0.310	 	0.063	 	-0.763	 	-0.888	 	-1.142	 	0.644	 	1.407	 	
0.480	 	0.310	 	0.064	 	-0.764	 	-0.889	 	-1.143	 	0.645	 	1.408	 	
0.481	 	0.310	 	0.064	 	-0.764	 	-0.889	 	-1.143	 	0.645	 	1.409	 	
0.482	 	0.310	 	0.064	 	-0.765	 	-0.889	 	-1.143	 	0.646	 	1.410	 	
0.483	 	0.310	 	0.064	 	-0.765	 	-0.890	 	-1.143	 	0.646	 	1.412	 	
0.484	 	0.310	 	0.064	 	-0.766	 	-0.890	 	-1.143	 	0.647	 	1.413	 	
0.485	 	0.310	 	0.064	 	-0.766	 	-0.890	 	-1.143	 	0.648	 	1.414	 	
0.486	 	0.310	 	0.064	 	-0.767	 	-0.891	 	-1.143	 	0.648	 	1.415	 	
0.487	 	0.310	 	0.064	 	-0.767	 	-0.891	 	-1.143	 	0.649	 	1.416	 	
0.488	 	0.310	 	0.064	 	-0.768	 	-0.891	 	-1.143	 	0.649	 	1.417	 	
0.489	 	0.310	 	0.064	 	-0.768	 	-0.891	 	-1.143	 	0.650	 	1.418	 	
0.490	 	0.310	 	0.064	 	-0.768	 	-0.892	 	-1.143	 	0.651	 	1.419	 	
0.491	 	0.310	 	0.064	 	-0.769	 	-0.892	 	-1.143	 	0.651	 	1.420	 	
0.492	 	0.310	 	0.064	 	-0.769	 	-0.892	 	-1.143	 	0.652	 	1.421	 	
0.493	 	0.310	 	0.064	 	-0.770	 	-0.893	 	-1.143	 	0.652	 	1.422	 	
0.494	 	0.310	 	0.064	 	-0.770	 	-0.893	 	-1.143	 	0.653	 	1.423	 	
0.495	 	0.310	 	0.064	 	-0.771	 	-0.893	 	-1.144	 	0.654	 	1.425	 	
0.496	 	0.310	 	0.064	 	-0.771	 	-0.893	 	-1.144	 	0.654	 	1.426	 	
0.497	 	0.310	 	0.064	 	-0.772	 	-0.894	 	-1.144	 	0.655	 	1.427	 	
0.498	 	0.310	 	0.064	 	-0.772	 	-0.894	 	-1.144	 	0.655	 	1.428	 	
0.499	 	0.310	 	0.064	 	-0.773	 	-0.894	 	-1.144	 	0.656	 	1.429	 	
0.500	 	0.310	 	0.064	 	-0.773	 	-0.895	 	-1.144	 	0.657	 	1.430	 	
0.501	 	0.310	 	0.064	 	-0.774	 	-0.895	 	-1.144	 	0.657	 	1.431	 	
0.502	 	0.310	 	0.064	 	-0.774	 	-0.895	 	-1.144	 	0.658	 	1.432	 	
0.503	 	0.310	 	0.064	 	-0.775	 	-0.895	 	-1.144	 	0.658	 	1.433	 	
0.504	 	0.310	 	0.064	 	-0.775	 	-0.896	 	-1.144	 	0.659	 	1.434	 	
0.505	 	0.310	 	0.065	 	-0.776	 	-0.896	 	-1.144	 	0.660	 	1.435	 	
0.506	 	0.310	 	0.065	 	-0.776	 	-0.896	 	-1.144	 	0.660	 	1.436	 	
0.507	 	0.310	 	0.065	 	-0.777	 	-0.896	 	-1.144	 	0.661	 	1.437	 	
0.508	 	0.310	 	0.065	 	-0.777	 	-0.897	 	-1.144	 	0.661	 	1.438	 	
0.509	 	0.310	 	0.065	 	-0.778	 	-0.897	 	-1.144	 	0.662	 	1.439	 	
0.510	 	0.310	 	0.065	 	-0.778	 	-0.897	 	-1.145	 	0.662	 	1.441	 	
0.511	 	0.310	 	0.065	 	-0.779	 	-0.898	 	-1.145	 	0.663	 	1.442	 	
0.512	 	0.310	 	0.065	 	-0.779	 	-0.898	 	-1.145	 	0.664	 	1.443	 	
0.513	 	0.310	 	0.065	 	-0.780	 	-0.898	 	-1.145	 	0.664	 	1.444	 	
0.514	 	0.310	 	0.065	 	-0.780	 	-0.898	 	-1.145	 	0.665	 	1.445	 	
0.515	 	0.310	 	0.065	 	-0.780	 	-0.899	 	-1.145	 	0.665	 	1.446	 	
0.516	 	0.310	 	0.065	 	-0.781	 	-0.899	 	-1.145	 	0.666	 	1.447	 	
0.517	 	0.310	 	0.065	 	-0.781	 	-0.899	 	-1.145	 	0.666	 	1.448	 	
0.518	 	0.310	 	0.065	 	-0.782	 	-0.899	 	-1.145	 	0.667	 	1.449	 	
0.519	 	0.310	 	0.065	 	-0.782	 	-0.900	 	-1.145	 	0.668	 	1.450	 	
0.520	 	0.310	 	0.065	 	-0.783	 	-0.900	 	-1.145	 	0.668	 	1.451	 	
0.521	 	0.310	 	0.065	 	-0.783	 	-0.900	 	-1.145	 	0.669	 	1.452	 	
0.522	 	0.310	 	0.065	 	-0.784	 	-0.900	 	-1.145	 	0.669	 	1.453	 	
0.523	 	0.310	 	0.065	 	-0.784	 	-0.901	 	-1.145	 	0.670	 	1.454	 	
0.524	 	0.310	 	0.065	 	-0.785	 	-0.901	 	-1.146	 	0.670	 	1.455	 	
0.525	 	0.310	 	0.065	 	-0.785	 	-0.901	 	-1.146	 	0.671	 	1.456	 	
0.526	 	0.310	 	0.065	 	-0.786	 	-0.901	 	-1.146	 	0.672	 	1.457	 	
0.527	 	0.310	 	0.065	 	-0.786	 	-0.902	 	-1.146	 	0.672	 	1.458	 	
0.528	 	0.310	 	0.065	 	-0.787	 	-0.902	 	-1.146	 	0.673	 	1.459	 	
0.529	 	0.310	 	0.065	 	-0.787	 	-0.902	 	-1.146	 	0.673	 	1.460	 	
0.530	 	0.310	 	0.066	 	-0.788	 	-0.902	 	-1.146	 	0.674	 	1.461	 	
0.531	 	0.310	 	0.066	 	-0.788	 	-0.903	 	-1.146	 	0.674	 	1.462	 	
0.532	 	0.310	 	0.066	 	-0.789	 	-0.903	 	-1.146	 	0.675	 	1.463	 	
0.533	 	0.310	 	0.066	 	-0.789	 	-0.903	 	-1.146	 	0.675	 	1.464	 	
0.534	 	0.310	 	0.066	 	-0.789	 	-0.903	 	-1.146	 	0.676	 	1.465	 	
0.535	 	0.310	 	0.066	 	-0.790	 	-0.904	 	-1.146	 	0.677	 	1.466	 	
0.536	 	0.310	 	0.066	 	-0.790	 	-0.904	 	-1.146	 	0.677	 	1.467	 	
0.537	 	0.310	 	0.066	 	-0.791	 	-0.904	 	-1.147	 	0.678	 	1.469	 	
0.538	 	0.310	 	0.066	 	-0.791	 	-0.904	 	-1.147	 	0.678	 	1.470	 	
0.539	 	0.310	 	0.066	 	-0.792	 	-0.905	 	-1.147	 	0.679	 	1.471	 	
0.540	 	0.310	 	0.066	 	-0.792	 	-0.905	 	-1.147	 	0.679	 	1.472	 	
0.541	 	0.310	 	0.066	 	-0.793	 	-0.905	 	-1.147	 	0.680	 	1.473	 	
0.542	 	0.310	 	0.066	 	-0.793	 	-0.905	 	-1.147	 	0.680	 	1.474	 	
0.543	 	0.310	 	0.066	 	-0.794	 	-0.906	 	-1.147	 	0.681	 	1.475	 	
0.544	 	0.310	 	0.066	 	-0.794	 	-0.906	 	-1.147	 	0.681	 	1.476	 	
0.545	 	0.310	 	0.066	 	-0.795	 	-0.906	 	-1.147	 	0.682	 	1.477	 	
0.546	 	0.310	 	0.066	 	-0.795	 	-0.906	 	-1.147	 	0.683	 	1.478	 	
0.547	 	0.310	 	0.066	 	-0.796	 	-0.907	 	-1.147	 	0.683	 	1.479	 	
0.548	 	0.310	 	0.066	 	-0.796	 	-0.907	 	-1.147	 	0.684	 	1.480	 	
0.549	 	0.310	 	0.066	 	-0.796	 	-0.907	 	-1.148	 	0.684	 	1.481	 	
0.550	 	0.310	 	0.066	 	-0.797	 	-0.907	 	-1.148	 	0.685	 	1.482	 	
0.551	 	0.310	 	0.066	 	-0.797	 	-0.907	 	-1.148	 	0.685	 	1.483	 	
0.552	 	0.310	 	0.066	 	-0.798	 	-0.908	 	-1.148	 	0.686	 	1.484	 	
0.553	 	0.310	 	0.066	 	-0.798	 	-0.908	 	-1.148	 	0.686	 	1.485	 	
0.554	 	0.310	 	0.066	 	-0.799	 	-0.908	 	-1.148	 	0.687	 	1.486	 	
0.555	 	0.310	 	0.066	 	-0.799	 	-0.908	 	-1.148	 	0.687	 	1.487	 	
0.556	 	0.310	 	0.067	 	-0.800	 	-0.909	 	-1.148	 	0.688	 	1.488	 	
0.557	 	0.310	 	0.067	 	-0.800	 	-0.909	 	-1.148	 	0.688	 	1.489	 	
0.558	 	0.310	 	0.067	 	-0.801	 	-0.909	 	-1.148	 	0.689	 	1.490	 	
0.559	 	0.310	 	0.067	 	-0.801	 	-0.909	 	-1.148	 	0.690	 	1.491	 	
0.560	 	0.310	 	0.067	 	-0.802	 	-0.909	 	-1.148	 	0.690	 	1.492	 	
0.561	 	0.310	 	0.067	 	-0.802	 	-0.910	 	-1.148	 	0.691	 	1.493	 	
0.562	 	0.310	 	0.067	 	-0.802	 	-0.910	 	-1.149	 	0.691	 	1.494	 	
0.563	 	0.310	 	0.067	 	-0.803	 	-0.910	 	-1.149	 	0.692	 	1.495	 	
0.564	 	0.310	 	0.067	 	-0.803	 	-0.910	 	-1.149	 	0.692	 	1.495	 	
0.565	 	0.310	 	0.067	 	-0.804	 	-0.910	 	-1.149	 	0.693	 	1.496	 	
0.566	 	0.310	 	0.067	 	-0.804	 	-0.911	 	-1.149	 	0.693	 	1.497	 	
0.567	 	0.310	 	0.067	 	-0.805	 	-0.911	 	-1.149	 	0.694	 	1.498	 	
0.568	 	0.310	 	0.067	 	-0.805	 	-0.911	 	-1.149	 	0.694	 	1.499	 	
0.569	 	0.310	 	0.067	 	-0.806	 	-0.911	 	-1.149	 	0.695	 	1.500	 	
0.570	 	0.310	 	0.067	 	-0.806	 	-0.912	 	-1.149	 	0.695	 	1.501	 	
0.571	 	0.310	 	0.067	 	-0.807	 	-0.912	 	-1.149	 	0.696	 	1.502	 	
0.572	 	0.310	 	0.067	 	-0.807	 	-0.912	 	-1.149	 	0.696	 	1.503	 	
0.573	 	0.310	 	0.067	 	-0.807	 	-0.912	 	-1.150	 	0.697	 	1.504	 	
0.574	 	0.310	 	0.067	 	-0.808	 	-0.912	 	-1.150	 	0.697	 	1.505	 	
0.575	 	0.310	 	0.067	 	-0.808	 	-0.913	 	-1.150	 	0.698	 	1.506	 	
0.576	 	0.310	 	0.067	 	-0.809	 	-0.913	 	-1.150	 	0.698	 	1.507	 	
0.577	 	0.310	 	0.067	 	-0.809	 	-0.913	 	-1.150	 	0.699	 	1.508	 	
0.578	 	0.310	 	0.067	 	-0.810	 	-0.913	 	-1.150	 	0.699	 	1.509	 	
0.579	 	0.310	 	0.067	 	-0.810	 	-0.913	 	-1.150	 	0.700	 	1.510	 	
0.580	 	0.310	 	0.067	 	-0.811	 	-0.914	 	-1.150	 	0.700	 	1.511	 	
0.581	 	0.310	 	0.067	 	-0.811	 	-0.914	 	-1.150	 	0.701	 	1.512	 	
0.582	 	0.310	 	0.068	 	-0.812	 	-0.914	 	-1.150	 	0.701	 	1.513	 	
0.583	 	0.310	 	0.068	 	-0.812	 	-0.914	 	-1.150	 	0.702	 	1.514	 	
0.584	 	0.310	 	0.068	 	-0.812	 	-0.914	 	-1.151	 	0.702	 	1.515	 	
0.585	 	0.310	 	0.068	 	-0.813	 	-0.914	 	-1.151	 	0.703	 	1.516	 	
0.586	 	0.310	 	0.068	 	-0.813	 	-0.915	 	-1.151	 	0.703	 	1.517	 	
0.587	 	0.310	 	0.068	 	-0.814	 	-0.915	 	-1.151	 	0.704	 	1.518	 	
0.588	 	0.310	 	0.068	 	-0.814	 	-0.915	 	-1.151	 	0.704	 	1.519	 	
0.589	 	0.310	 	0.068	 	-0.815	 	-0.915	 	-1.151	 	0.705	 	1.520	 	
0.590	 	0.310	 	0.068	 	-0.815	 	-0.915	 	-1.151	 	0.705	 	1.521	 	
0.591	 	0.310	 	0.068	 	-0.816	 	-0.916	 	-1.151	 	0.706	 	1.521	 	
0.592	 	0.310	 	0.068	 	-0.816	 	-0.916	 	-1.151	 	0.706	 	1.522	 	
0.593	 	0.310	 	0.068	 	-0.816	 	-0.916	 	-1.151	 	0.707	 	1.523	 	
0.594	 	0.310	 	0.068	 	-0.817	 	-0.916	 	-1.151	 	0.707	 	1.524	 	
0.595	 	0.310	 	0.068	 	-0.817	 	-0.916	 	-1.152	 	0.708	 	1.525	 	
0.596	 	0.310	 	0.068	 	-0.818	 	-0.916	 	-1.152	 	0.708	 	1.526	 	
0.597	 	0.310	 	0.068	 	-0.818	 	-0.917	 	-1.152	 	0.709	 	1.527	 	
0.598	 	0.310	 	0.068	 	-0.819	 	-0.917	 	-1.152	 	0.709	 	1.528	 	
0.599	 	0.310	 	0.068	 	-0.819	 	-0.917	 	-1.152	 	0.710	 	1.529	 	
0.600	 	0.310	 	0.068	 	-0.820	 	-0.917	 	-1.152	 	0.710	 	1.530	 	
0.601	 	0.310	 	0.068	 	-0.820	 	-0.917	 	-1.152	 	0.711	 	1.531	 	
0.602	 	0.310	 	0.068	 	-0.820	 	-0.918	 	-1.152	 	0.711	 	1.532	 	
0.603	 	0.310	 	0.068	 	-0.821	 	-0.918	 	-1.152	 	0.712	 	1.533	 	
0.604	 	0.310	 	0.068	 	-0.821	 	-0.918	 	-1.152	 	0.712	 	1.534	 	
0.605	 	0.310	 	0.068	 	-0.822	 	-0.918	 	-1.153	 	0.713	 	1.535	 	
0.606	 	0.310	 	0.068	 	-0.822	 	-0.918	 	-1.153	 	0.713	 	1.535	 	
0.607	 	0.310	 	0.068	 	-0.823	 	-0.918	 	-1.153	 	0.714	 	1.536	 	
0.608	 	0.310	 	0.068	 	-0.823	 	-0.918	 	-1.153	 	0.714	 	1.537	 	
0.609	 	0.310	 	0.069	 	-0.824	 	-0.919	 	-1.153	 	0.715	 	1.538	 	
0.610	 	0.310	 	0.069	 	-0.824	 	-0.919	 	-1.153	 	0.715	 	1.539	 	
0.611	 	0.310	 	0.069	 	-0.824	 	-0.919	 	-1.153	 	0.716	 	1.540	 	
0.612	 	0.310	 	0.069	 	-0.825	 	-0.919	 	-1.153	 	0.716	 	1.541	 	
0.613	 	0.310	 	0.069	 	-0.825	 	-0.919	 	-1.153	 	0.717	 	1.542	 	
0.614	 	0.310	 	0.069	 	-0.826	 	-0.919	 	-1.153	 	0.717	 	1.543	 	
0.615	 	0.310	 	0.069	 	-0.826	 	-0.920	 	-1.154	 	0.717	 	1.544	 	
0.616	 	0.310	 	0.069	 	-0.827	 	-0.920	 	-1.154	 	0.718	 	1.545	 	
0.617	 	0.310	 	0.069	 	-0.827	 	-0.920	 	-1.154	 	0.718	 	1.545	 	
0.618	 	0.310	 	0.069	 	-0.828	 	-0.920	 	-1.154	 	0.719	 	1.546	 	
0.619	 	0.310	 	0.069	 	-0.828	 	-0.920	 	-1.154	 	0.719	 	1.547	 	
0.620	 	0.310	 	0.069	 	-0.828	 	-0.920	 	-1.154	 	0.720	 	1.548	 	
0.621	 	0.310	 	0.069	 	-0.829	 	-0.920	 	-1.154	 	0.720	 	1.549	 	
0.622	 	0.310	 	0.069	 	-0.829	 	-0.921	 	-1.154	 	0.721	 	1.550	 	
0.623	 	0.310	 	0.069	 	-0.830	 	-0.921	 	-1.154	 	0.721	 	1.551	 	
0.624	 	0.310	 	0.069	 	-0.830	 	-0.921	 	-1.155	 	0.722	 	1.552	 	
0.625	 	0.310	 	0.069	 	-0.831	 	-0.921	 	-1.155	 	0.722	 	1.553	 	
0.626	 	0.310	 	0.069	 	-0.831	 	-0.921	 	-1.155	 	0.723	 	1.554	 	
0.627	 	0.310	 	0.069	 	-0.831	 	-0.921	 	-1.155	 	0.723	 	1.554	 	
0.628	 	0.310	 	0.069	 	-0.832	 	-0.921	 	-1.155	 	0.723	 	1.555	 	
0.629	 	0.310	 	0.069	 	-0.832	 	-0.922	 	-1.155	 	0.724	 	1.556	 	
0.630	 	0.310	 	0.069	 	-0.833	 	-0.922	 	-1.155	 	0.724	 	1.557	 	
0.631	 	0.310	 	0.069	 	-0.833	 	-0.922	 	-1.155	 	0.725	 	1.558	 	
0.632	 	0.310	 	0.069	 	-0.834	 	-0.922	 	-1.155	 	0.725	 	1.559	 	
0.633	 	0.310	 	0.069	 	-0.834	 	-0.922	 	-1.156	 	0.726	 	1.560	 	
0.634	 	0.310	 	0.069	 	-0.835	 	-0.922	 	-1.156	 	0.726	 	1.561	 	
0.635	 	0.310	 	0.069	 	-0.835	 	-0.922	 	-1.156	 	0.727	 	1.562	 	
0.636	 	0.310	 	0.070	 	-0.835	 	-0.922	 	-1.156	 	0.727	 	1.562	 	
0.637	 	0.310	 	0.070	 	-0.836	 	-0.923	 	-1.156	 	0.728	 	1.563	 	
0.638	 	0.310	 	0.070	 	-0.836	 	-0.923	 	-1.156	 	0.728	 	1.564	 	
0.639	 	0.310	 	0.070	 	-0.837	 	-0.923	 	-1.156	 	0.728	 	1.565	 	
0.640	 	0.310	 	0.070	 	-0.837	 	-0.923	 	-1.156	 	0.729	 	1.566	 	
0.641	 	0.310	 	0.070	 	-0.838	 	-0.923	 	-1.156	 	0.729	 	1.567	 	
0.642	 	0.310	 	0.070	 	-0.838	 	-0.923	 	-1.157	 	0.730	 	1.568	 	
0.643	 	0.310	 	0.070	 	-0.838	 	-0.923	 	-1.157	 	0.730	 	1.569	 	
0.644	 	0.310	 	0.070	 	-0.839	 	-0.923	 	-1.157	 	0.731	 	1.569	 	
0.645	 	0.310	 	0.070	 	-0.839	 	-0.924	 	-1.157	 	0.731	 	1.570	 	
0.646	 	0.310	 	0.070	 	-0.840	 	-0.924	 	-1.157	 	0.731	 	1.571	 	
0.647	 	0.310	 	0.070	 	-0.840	 	-0.924	 	-1.157	 	0.732	 	1.572	 	
0.648	 	0.310	 	0.070	 	-0.841	 	-0.924	 	-1.157	 	0.732	 	1.573	 	
0.649	 	0.310	 	0.070	 	-0.841	 	-0.924	 	-1.157	 	0.733	 	1.574	 	
0.650	 	0.310	 	0.070	 	-0.841	 	-0.924	 	-1.158	 	0.733	 	1.575	 	
0.651	 	0.310	 	0.070	 	-0.842	 	-0.924	 	-1.158	 	0.734	 	1.575	 	
0.652	 	0.310	 	0.070	 	-0.842	 	-0.924	 	-1.158	 	0.734	 	1.576	 	
0.653	 	0.310	 	0.070	 	-0.843	 	-0.924	 	-1.158	 	0.735	 	1.577	 	
0.654	 	0.310	 	0.070	 	-0.843	 	-0.925	 	-1.158	 	0.735	 	1.578	 	
0.655	 	0.310	 	0.070	 	-0.844	 	-0.925	 	-1.158	 	0.735	 	1.579	 	
0.656	 	0.310	 	0.070	 	-0.844	 	-0.925	 	-1.158	 	0.736	 	1.580	 	
0.657	 	0.310	 	0.070	 	-0.844	 	-0.925	 	-1.158	 	0.736	 	1.581	 	
0.658	 	0.310	 	0.070	 	-0.845	 	-0.925	 	-1.159	 	0.737	 	1.581	 	
0.659	 	0.310	 	0.070	 	-0.845	 	-0.925	 	-1.159	 	0.737	 	1.582	 	
0.660	 	0.310	 	0.070	 	-0.846	 	-0.925	 	-1.159	 	0.737	 	1.583	 	
0.661	 	0.310	 	0.070	 	-0.846	 	-0.925	 	-1.159	 	0.738	 	1.584	 	
0.662	 	0.310	 	0.070	 	-0.847	 	-0.925	 	-1.159	 	0.738	 	1.585	 	
0.663	 	0.310	 	0.070	 	-0.847	 	-0.925	 	-1.159	 	0.739	 	1.586	 	
0.664	 	0.310	 	0.070	 	-0.847	 	-0.926	 	-1.159	 	0.739	 	1.587	 	
0.665	 	0.310	 	0.071	 	-0.848	 	-0.926	 	-1.159	 	0.740	 	1.587	 	
0.666	 	0.310	 	0.071	 	-0.848	 	-0.926	 	-1.160	 	0.740	 	1.588	 	
0.667	 	0.310	 	0.071	 	-0.849	 	-0.926	 	-1.160	 	0.740	 	1.589	 	
0.668	 	0.310	 	0.071	 	-0.849	 	-0.926	 	-1.160	 	0.741	 	1.590	 	
0.669	 	0.310	 	0.071	 	-0.849	 	-0.926	 	-1.160	 	0.741	 	1.591	 	
0.670	 	0.310	 	0.071	 	-0.850	 	-0.926	 	-1.160	 	0.742	 	1.592	 	
0.671	 	0.310	 	0.071	 	-0.850	 	-0.926	 	-1.160	 	0.742	 	1.592	 	
0.672	 	0.310	 	0.071	 	-0.851	 	-0.926	 	-1.160	 	0.742	 	1.593	 	
0.673	 	0.310	 	0.071	 	-0.851	 	-0.926	 	-1.161	 	0.743	 	1.594	 	
0.674	 	0.310	 	0.071	 	-0.852	 	-0.926	 	-1.161	 	0.743	 	1.595	 	
0.675	 	0.310	 	0.071	 	-0.852	 	-0.926	 	-1.161	 	0.744	 	1.596	 	
0.676	 	0.310	 	0.071	 	-0.852	 	-0.927	 	-1.161	 	0.744	 	1.597	 	
0.677	 	0.310	 	0.071	 	-0.853	 	-0.927	 	-1.161	 	0.744	 	1.597	 	
0.678	 	0.310	 	0.071	 	-0.853	 	-0.927	 	-1.161	 	0.745	 	1.598	 	
0.679	 	0.310	 	0.071	 	-0.854	 	-0.927	 	-1.161	 	0.745	 	1.599	 	
0.680	 	0.310	 	0.071	 	-0.854	 	-0.927	 	-1.162	 	0.746	 	1.600	 	
0.681	 	0.310	 	0.071	 	-0.855	 	-0.927	 	-1.162	 	0.746	 	1.601	 	
0.682	 	0.310	 	0.071	 	-0.855	 	-0.927	 	-1.162	 	0.746	 	1.601	 	
0.683	 	0.310	 	0.071	 	-0.855	 	-0.927	 	-1.162	 	0.747	 	1.602	 	
0.684	 	0.310	 	0.071	 	-0.856	 	-0.927	 	-1.162	 	0.747	 	1.603	 	
0.685	 	0.310	 	0.071	 	-0.856	 	-0.927	 	-1.162	 	0.748	 	1.604	 	
0.686	 	0.310	 	0.071	 	-0.857	 	-0.927	 	-1.162	 	0.748	 	1.605	 	
0.687	 	0.310	 	0.071	 	-0.857	 	-0.927	 	-1.163	 	0.748	 	1.605	 	
0.688	 	0.310	 	0.071	 	-0.857	 	-0.927	 	-1.163	 	0.749	 	1.606	 	
0.689	 	0.310	 	0.071	 	-0.858	 	-0.927	 	-1.163	 	0.749	 	1.607	 	
0.690	 	0.310	 	0.071	 	-0.858	 	-0.927	 	-1.163	 	0.750	 	1.608	 	
0.691	 	0.310	 	0.071	 	-0.859	 	-0.928	 	-1.163	 	0.750	 	1.609	 	
0.692	 	0.310	 	0.071	 	-0.859	 	-0.928	 	-1.163	 	0.750	 	1.610	 	
0.693	 	0.310	 	0.071	 	-0.860	 	-0.928	 	-1.163	 	0.751	 	1.610	 	
0.694	 	0.310	 	0.072	 	-0.860	 	-0.928	 	-1.164	 	0.751	 	1.611	 	
0.695	 	0.310	 	0.072	 	-0.860	 	-0.928	 	-1.164	 	0.752	 	1.612	 	
0.696	 	0.310	 	0.072	 	-0.861	 	-0.928	 	-1.164	 	0.752	 	1.613	 	
0.697	 	0.310	 	0.072	 	-0.861	 	-0.928	 	-1.164	 	0.752	 	1.614	 	
0.698	 	0.310	 	0.072	 	-0.862	 	-0.928	 	-1.164	 	0.753	 	1.614	 	
0.699	 	0.310	 	0.072	 	-0.862	 	-0.928	 	-1.164	 	0.753	 	1.615	 	
0.700	 	0.310	 	0.072	 	-0.862	 	-0.928	 	-1.164	 	0.753	 	1.616	 	
0.701	 	0.310	 	0.072	 	-0.863	 	-0.928	 	-1.165	 	0.754	 	1.617	 	
0.702	 	0.310	 	0.072	 	-0.863	 	-0.928	 	-1.165	 	0.754	 	1.617	 	
0.703	 	0.310	 	0.072	 	-0.864	 	-0.928	 	-1.165	 	0.755	 	1.618	 	
0.704	 	0.310	 	0.072	 	-0.864	 	-0.928	 	-1.165	 	0.755	 	1.619	 	
0.705	 	0.310	 	0.072	 	-0.864	 	-0.928	 	-1.165	 	0.755	 	1.620	 	
0.706	 	0.310	 	0.072	 	-0.865	 	-0.928	 	-1.165	 	0.756	 	1.621	 	
0.707	 	0.310	 	0.072	 	-0.865	 	-0.928	 	-1.166	 	0.756	 	1.621	 	
0.708	 	0.310	 	0.072	 	-0.866	 	-0.928	 	-1.166	 	0.756	 	1.622	 	
0.709	 	0.310	 	0.072	 	-0.866	 	-0.928	 	-1.166	 	0.757	 	1.623	 	
0.710	 	0.310	 	0.072	 	-0.867	 	-0.928	 	-1.166	 	0.757	 	1.624	 	
0.711	 	0.310	 	0.072	 	-0.867	 	-0.928	 	-1.166	 	0.758	 	1.625	 	
0.712	 	0.310	 	0.072	 	-0.867	 	-0.928	 	-1.166	 	0.758	 	1.625	 	
0.713	 	0.310	 	0.072	 	-0.868	 	-0.928	 	-1.167	 	0.758	 	1.626	 	
0.714	 	0.310	 	0.072	 	-0.868	 	-0.928	 	-1.167	 	0.759	 	1.627	 	
0.715	 	0.310	 	0.072	 	-0.869	 	-0.928	 	-1.167	 	0.759	 	1.628	 	
0.716	 	0.310	 	0.072	 	-0.869	 	-0.928	 	-1.167	 	0.759	 	1.628	 	
0.717	 	0.310	 	0.072	 	-0.869	 	-0.928	 	-1.167	 	0.760	 	1.629	 	
0.718	 	0.310	 	0.072	 	-0.870	 	-0.929	 	-1.167	 	0.760	 	1.630	 	
0.719	 	0.310	 	0.072	 	-0.870	 	-0.929	 	-1.168	 	0.761	 	1.631	 	
0.720	 	0.310	 	0.072	 	-0.871	 	-0.929	 	-1.168	 	0.761	 	1.631	 	
0.721	 	0.310	 	0.072	 	-0.871	 	-0.929	 	-1.168	 	0.761	 	1.632	 	
0.722	 	0.310	 	0.072	 	-0.871	 	-0.929	 	-1.168	 	0.762	 	1.633	 	
0.723	 	0.310	 	0.073	 	-0.872	 	-0.929	 	-1.168	 	0.762	 	1.634	 	
0.724	 	0.310	 	0.073	 	-0.872	 	-0.929	 	-1.168	 	0.762	 	1.635	 	
0.725	 	0.310	 	0.073	 	-0.873	 	-0.929	 	-1.169	 	0.763	 	1.635	 	
0.726	 	0.310	 	0.073	 	-0.873	 	-0.929	 	-1.169	 	0.763	 	1.636	 	
0.727	 	0.310	 	0.073	 	-0.873	 	-0.929	 	-1.169	 	0.763	 	1.637	 	
0.728	 	0.310	 	0.073	 	-0.874	 	-0.929	 	-1.169	 	0.764	 	1.638	 	
0.729	 	0.310	 	0.073	 	-0.874	 	-0.929	 	-1.169	 	0.764	 	1.638	 	
0.730	 	0.310	 	0.073	 	-0.875	 	-0.929	 	-1.169	 	0.764	 	1.639	 	
0.731	 	0.310	 	0.073	 	-0.875	 	-0.929	 	-1.170	 	0.765	 	1.640	 	
0.732	 	0.310	 	0.073	 	-0.875	 	-0.929	 	-1.170	 	0.765	 	1.641	 	
0.733	 	0.310	 	0.073	 	-0.876	 	-0.929	 	-1.170	 	0.765	 	1.641	 	
0.734	 	0.310	 	0.073	 	-0.876	 	-0.929	 	-1.170	 	0.766	 	1.642	 	
0.735	 	0.310	 	0.073	 	-0.877	 	-0.929	 	-1.170	 	0.766	 	1.643	 	
0.736	 	0.310	 	0.073	 	-0.877	 	-0.929	 	-1.170	 	0.766	 	1.644	 	
0.737	 	0.310	 	0.073	 	-0.878	 	-0.929	 	-1.171	 	0.767	 	1.644	 	
0.738	 	0.310	 	0.073	 	-0.878	 	-0.929	 	-1.171	 	0.767	 	1.645	 	
0.739	 	0.310	 	0.073	 	-0.878	 	-0.929	 	-1.171	 	0.768	 	1.646	 	
0.740	 	0.310	 	0.073	 	-0.879	 	-0.929	 	-1.171	 	0.768	 	1.647	 	
0.741	 	0.310	 	0.073	 	-0.879	 	-0.929	 	-1.171	 	0.768	 	1.647	 	
0.742	 	0.310	 	0.073	 	-0.880	 	-0.929	 	-1.172	 	0.769	 	1.648	 	
0.743	 	0.310	 	0.073	 	-0.880	 	-0.929	 	-1.172	 	0.769	 	1.649	 	
0.744	 	0.310	 	0.073	 	-0.880	 	-0.929	 	-1.172	 	0.769	 	1.650	 	
0.745	 	0.310	 	0.073	 	-0.881	 	-0.929	 	-1.172	 	0.770	 	1.650	 	
0.746	 	0.310	 	0.073	 	-0.881	 	-0.929	 	-1.172	 	0.770	 	1.651	 	
0.747	 	0.310	 	0.073	 	-0.882	 	-0.929	 	-1.173	 	0.770	 	1.652	 	
0.748	 	0.310	 	0.073	 	-0.882	 	-0.929	 	-1.173	 	0.771	 	1.652	 	
0.749	 	0.310	 	0.073	 	-0.882	 	-0.928	 	-1.173	 	0.771	 	1.653	 	
0.750	 	0.310	 	0.073	 	-0.883	 	-0.928	 	-1.173	 	0.771	 	1.654	 	
0.751	 	0.310	 	0.073	 	-0.883	 	-0.928	 	-1.173	 	0.772	 	1.655	 	
0.752	 	0.310	 	0.073	 	-0.884	 	-0.928	 	-1.173	 	0.772	 	1.655	 	
0.753	 	0.310	 	0.073	 	-0.884	 	-0.928	 	-1.174	 	0.772	 	1.656	 	
0.754	 	0.310	 	0.074	 	-0.884	 	-0.928	 	-1.174	 	0.772	 	1.657	 	
0.755	 	0.310	 	0.074	 	-0.885	 	-0.928	 	-1.174	 	0.773	 	1.658	 	
0.756	 	0.310	 	0.074	 	-0.885	 	-0.928	 	-1.174	 	0.773	 	1.658	 	
0.757	 	0.310	 	0.074	 	-0.886	 	-0.928	 	-1.174	 	0.773	 	1.659	 	
0.758	 	0.310	 	0.074	 	-0.886	 	-0.928	 	-1.175	 	0.774	 	1.660	 	
0.759	 	0.310	 	0.074	 	-0.886	 	-0.928	 	-1.175	 	0.774	 	1.660	 	
0.760	 	0.310	 	0.074	 	-0.887	 	-0.928	 	-1.175	 	0.774	 	1.661	 	
0.761	 	0.310	 	0.074	 	-0.887	 	-0.928	 	-1.175	 	0.775	 	1.662	 	
0.762	 	0.310	 	0.074	 	-0.888	 	-0.928	 	-1.175	 	0.775	 	1.663	 	
0.763	 	0.310	 	0.074	 	-0.888	 	-0.928	 	-1.176	 	0.775	 	1.663	 	
0.764	 	0.310	 	0.074	 	-0.888	 	-0.928	 	-1.176	 	0.776	 	1.664	 	
0.765	 	0.310	 	0.074	 	-0.889	 	-0.928	 	-1.176	 	0.776	 	1.665	 	
0.766	 	0.310	 	0.074	 	-0.889	 	-0.928	 	-1.176	 	0.776	 	1.665	 	
0.767	 	0.310	 	0.074	 	-0.890	 	-0.928	 	-1.176	 	0.777	 	1.666	 	
0.768	 	0.310	 	0.074	 	-0.890	 	-0.928	 	-1.177	 	0.777	 	1.667	 	
0.769	 	0.310	 	0.074	 	-0.890	 	-0.928	 	-1.177	 	0.777	 	1.668	 	
0.770	 	0.310	 	0.074	 	-0.891	 	-0.928	 	-1.177	 	0.778	 	1.668	 	
0.771	 	0.310	 	0.074	 	-0.891	 	-0.928	 	-1.177	 	0.778	 	1.669	 	
0.772	 	0.310	 	0.074	 	-0.891	 	-0.928	 	-1.177	 	0.778	 	1.670	 	
0.773	 	0.310	 	0.074	 	-0.892	 	-0.928	 	-1.178	 	0.778	 	1.670	 	
0.774	 	0.310	 	0.074	 	-0.892	 	-0.928	 	-1.178	 	0.779	 	1.671	 	
0.775	 	0.310	 	0.074	 	-0.893	 	-0.928	 	-1.178	 	0.779	 	1.672	 	
0.776	 	0.310	 	0.074	 	-0.893	 	-0.927	 	-1.178	 	0.779	 	1.672	 	
0.777	 	0.310	 	0.074	 	-0.893	 	-0.927	 	-1.179	 	0.780	 	1.673	 	
0.778	 	0.310	 	0.074	 	-0.894	 	-0.927	 	-1.179	 	0.780	 	1.674	 	
0.779	 	0.310	 	0.074	 	-0.894	 	-0.927	 	-1.179	 	0.780	 	1.675	 	
0.780	 	0.310	 	0.074	 	-0.895	 	-0.927	 	-1.179	 	0.781	 	1.675	 	
0.781	 	0.310	 	0.074	 	-0.895	 	-0.927	 	-1.179	 	0.781	 	1.676	 	
0.782	 	0.310	 	0.074	 	-0.895	 	-0.927	 	-1.180	 	0.781	 	1.677	 	
0.783	 	0.310	 	0.074	 	-0.896	 	-0.927	 	-1.180	 	0.782	 	1.677	 	
0.784	 	0.310	 	0.074	 	-0.896	 	-0.927	 	-1.180	 	0.782	 	1.678	 	
0.785	 	0.310	 	0.075	 	-0.897	 	-0.927	 	-1.180	 	0.782	 	1.679	 	
0.786	 	0.310	 	0.075	 	-0.897	 	-0.927	 	-1.181	 	0.782	 	1.679	 	
0.787	 	0.310	 	0.075	 	-0.897	 	-0.927	 	-1.181	 	0.783	 	1.680	 	
0.788	 	0.310	 	0.075	 	-0.898	 	-0.927	 	-1.181	 	0.783	 	1.681	 	
0.789	 	0.310	 	0.075	 	-0.898	 	-0.927	 	-1.181	 	0.783	 	1.681	 	
0.790	 	0.310	 	0.075	 	-0.899	 	-0.927	 	-1.181	 	0.784	 	1.682	 	
0.791	 	0.310	 	0.075	 	-0.899	 	-0.926	 	-1.182	 	0.784	 	1.683	 	
0.792	 	0.310	 	0.075	 	-0.899	 	-0.926	 	-1.182	 	0.784	 	1.684	 	
0.793	 	0.310	 	0.075	 	-0.900	 	-0.926	 	-1.182	 	0.784	 	1.684	 	
0.794	 	0.310	 	0.075	 	-0.900	 	-0.926	 	-1.182	 	0.785	 	1.685	 	
0.795	 	0.310	 	0.075	 	-0.901	 	-0.926	 	-1.183	 	0.785	 	1.686	 	
0.796	 	0.310	 	0.075	 	-0.901	 	-0.926	 	-1.183	 	0.785	 	1.686	 	
0.797	 	0.310	 	0.075	 	-0.901	 	-0.926	 	-1.183	 	0.786	 	1.687	 	
0.798	 	0.310	 	0.075	 	-0.902	 	-0.926	 	-1.183	 	0.786	 	1.688	 	
0.799	 	0.310	 	0.075	 	-0.902	 	-0.926	 	-1.183	 	0.786	 	1.688	 	
0.800	 	0.310	 	0.075	 	-0.903	 	-0.926	 	-1.184	 	0.786	 	1.689	 	
0.801	 	0.310	 	0.075	 	-0.903	 	-0.926	 	-1.184	 	0.787	 	1.690	 	
0.802	 	0.310	 	0.075	 	-0.903	 	-0.926	 	-1.184	 	0.787	 	1.690	 	
0.803	 	0.310	 	0.075	 	-0.904	 	-0.926	 	-1.184	 	0.787	 	1.691	 	
0.804	 	0.310	 	0.075	 	-0.904	 	-0.925	 	-1.185	 	0.788	 	1.692	 	
0.805	 	0.310	 	0.075	 	-0.904	 	-0.925	 	-1.185	 	0.788	 	1.692	 	
0.806	 	0.310	 	0.075	 	-0.905	 	-0.925	 	-1.185	 	0.788	 	1.693	 	
0.807	 	0.310	 	0.075	 	-0.905	 	-0.925	 	-1.185	 	0.788	 	1.694	 	
0.808	 	0.310	 	0.075	 	-0.906	 	-0.925	 	-1.186	 	0.789	 	1.694	 	
0.809	 	0.310	 	0.075	 	-0.906	 	-0.925	 	-1.186	 	0.789	 	1.695	 	
0.810	 	0.310	 	0.075	 	-0.906	 	-0.925	 	-1.186	 	0.789	 	1.696	 	
0.811	 	0.310	 	0.075	 	-0.907	 	-0.925	 	-1.186	 	0.790	 	1.696	 	
0.812	 	0.310	 	0.075	 	-0.907	 	-0.925	 	-1.187	 	0.790	 	1.697	 	
0.813	 	0.310	 	0.075	 	-0.908	 	-0.925	 	-1.187	 	0.790	 	1.698	 	
0.814	 	0.310	 	0.075	 	-0.908	 	-0.924	 	-1.187	 	0.790	 	1.698	 	
0.815	 	0.310	 	0.075	 	-0.908	 	-0.924	 	-1.187	 	0.791	 	1.699	 	
0.816	 	0.310	 	0.075	 	-0.909	 	-0.924	 	-1.188	 	0.791	 	1.700	 	
0.817	 	0.310	 	0.076	 	-0.909	 	-0.924	 	-1.188	 	0.791	 	1.700	 	
0.818	 	0.310	 	0.076	 	-0.910	 	-0.924	 	-1.188	 	0.791	 	1.701	 	
0.819	 	0.310	 	0.076	 	-0.910	 	-0.924	 	-1.188	 	0.792	 	1.702	 	
0.820	 	0.310	 	0.076	 	-0.910	 	-0.924	 	-1.189	 	0.792	 	1.702	 	
0.821	 	0.310	 	0.076	 	-0.911	 	-0.924	 	-1.189	 	0.792	 	1.703	 	
0.822	 	0.310	 	0.076	 	-0.911	 	-0.924	 	-1.189	 	0.793	 	1.704	 	
0.823	 	0.310	 	0.076	 	-0.911	 	-0.924	 	-1.189	 	0.793	 	1.704	 	
0.824	 	0.310	 	0.076	 	-0.912	 	-0.923	 	-1.190	 	0.793	 	1.705	 	
0.825	 	0.310	 	0.076	 	-0.912	 	-0.923	 	-1.190	 	0.793	 	1.706	 	
0.826	 	0.310	 	0.076	 	-0.913	 	-0.923	 	-1.190	 	0.794	 	1.706	 	
0.827	 	0.310	 	0.076	 	-0.913	 	-0.923	 	-1.190	 	0.794	 	1.707	 	
0.828	 	0.310	 	0.076	 	-0.913	 	-0.923	 	-1.191	 	0.794	 	1.708	 	
0.829	 	0.310	 	0.076	 	-0.914	 	-0.923	 	-1.191	 	0.794	 	1.708	 	
0.830	 	0.310	 	0.076	 	-0.914	 	-0.923	 	-1.191	 	0.795	 	1.709	 	
0.831	 	0.310	 	0.076	 	-0.915	 	-0.923	 	-1.191	 	0.795	 	1.709	 	
0.832	 	0.310	 	0.076	 	-0.915	 	-0.922	 	-1.192	 	0.795	 	1.710	 	
0.833	 	0.310	 	0.076	 	-0.915	 	-0.922	 	-1.192	 	0.795	 	1.711	 	
0.834	 	0.310	 	0.076	 	-0.916	 	-0.922	 	-1.192	 	0.796	 	1.711	 	
0.835	 	0.310	 	0.076	 	-0.916	 	-0.922	 	-1.192	 	0.796	 	1.712	 	
0.836	 	0.310	 	0.076	 	-0.917	 	-0.922	 	-1.193	 	0.796	 	1.713	 	
0.837	 	0.310	 	0.076	 	-0.917	 	-0.922	 	-1.193	 	0.796	 	1.713	 	
0.838	 	0.310	 	0.076	 	-0.917	 	-0.922	 	-1.193	 	0.797	 	1.714	 	
0.839	 	0.310	 	0.076	 	-0.918	 	-0.922	 	-1.194	 	0.797	 	1.715	 	
0.840	 	0.310	 	0.076	 	-0.918	 	-0.921	 	-1.194	 	0.797	 	1.715	 	
0.841	 	0.310	 	0.076	 	-0.918	 	-0.921	 	-1.194	 	0.797	 	1.716	 	
0.842	 	0.310	 	0.076	 	-0.919	 	-0.921	 	-1.194	 	0.798	 	1.717	 	
0.843	 	0.310	 	0.076	 	-0.919	 	-0.921	 	-1.195	 	0.798	 	1.717	 	
0.844	 	0.310	 	0.076	 	-0.920	 	-0.921	 	-1.195	 	0.798	 	1.718	 	
0.845	 	0.310	 	0.076	 	-0.920	 	-0.921	 	-1.195	 	0.798	 	1.718	 	
0.846	 	0.310	 	0.076	 	-0.920	 	-0.921	 	-1.195	 	0.799	 	1.719	 	
0.847	 	0.310	 	0.076	 	-0.921	 	-0.921	 	-1.196	 	0.799	 	1.719	 	
0.848	 	0.310	 	0.076	 	-0.921	 	-0.920	 	-1.196	 	0.799	 	1.720	 	
0.849	 	0.310	 	0.077	 	-0.922	 	-0.920	 	-1.196	 	0.799	 	1.720	 	
0.850	 	0.310	 	0.077	 	-0.922	 	-0.920	 	-1.197	 	0.800	 	1.720	 	
0.851	 	0.310	 	0.077	 	-0.922	 	-0.920	 	-1.197	 	0.800	 	1.720	 	
0.852	 	0.310	 	0.077	 	-0.923	 	-0.920	 	-1.197	 	0.800	 	1.720	 	
0.853	 	0.310	 	0.077	 	-0.923	 	-0.920	 	-1.197	 	0.800	 	1.720	 	
0.854	 	0.310	 	0.077	 	-0.924	 	-0.920	 	-1.198	 	0.801	 	1.720	 	
0.855	 	0.310	 	0.077	 	-0.924	 	-0.919	 	-1.198	 	0.801	 	1.720	 	
0.856	 	0.310	 	0.077	 	-0.924	 	-0.919	 	-1.198	 	0.801	 	1.720	 	
0.857	 	0.310	 	0.077	 	-0.925	 	-0.919	 	-1.199	 	0.801	 	1.721	 	
0.858	 	0.310	 	0.077	 	-0.925	 	-0.919	 	-1.199	 	0.802	 	1.721	 	
0.859	 	0.310	 	0.077	 	-0.926	 	-0.919	 	-1.199	 	0.802	 	1.721	 	
0.860	 	0.310	 	0.077	 	-0.926	 	-0.919	 	-1.199	 	0.802	 	1.721	 	
0.861	 	0.310	 	0.077	 	-0.926	 	-0.919	 	-1.200	 	0.802	 	1.721	 	
0.862	 	0.310	 	0.077	 	-0.927	 	-0.918	 	-1.200	 	0.803	 	1.721	 	
0.863	 	0.310	 	0.077	 	-0.927	 	-0.918	 	-1.200	 	0.803	 	1.721	 	
0.864	 	0.310	 	0.077	 	-0.927	 	-0.918	 	-1.201	 	0.803	 	1.721	 	
0.865	 	0.310	 	0.077	 	-0.928	 	-0.918	 	-1.201	 	0.803	 	1.721	 	
0.866	 	0.310	 	0.077	 	-0.928	 	-0.918	 	-1.201	 	0.804	 	1.721	 	
0.867	 	0.310	 	0.077	 	-0.929	 	-0.918	 	-1.202	 	0.804	 	1.721	 	
0.868	 	0.310	 	0.077	 	-0.929	 	-0.918	 	-1.202	 	0.804	 	1.722	 	
0.869	 	0.310	 	0.077	 	-0.929	 	-0.917	 	-1.202	 	0.804	 	1.722	 	
0.870	 	0.310	 	0.077	 	-0.930	 	-0.917	 	-1.202	 	0.805	 	1.722	 	
0.871	 	0.310	 	0.077	 	-0.930	 	-0.917	 	-1.203	 	0.805	 	1.722	 	
0.872	 	0.310	 	0.077	 	-0.931	 	-0.917	 	-1.203	 	0.805	 	1.722	 	
0.873	 	0.310	 	0.077	 	-0.931	 	-0.917	 	-1.203	 	0.805	 	1.722	 	
0.874	 	0.310	 	0.077	 	-0.931	 	-0.917	 	-1.204	 	0.805	 	1.722	 	
0.875	 	0.310	 	0.077	 	-0.932	 	-0.916	 	-1.204	 	0.806	 	1.722	 	
0.876	 	0.310	 	0.077	 	-0.932	 	-0.916	 	-1.204	 	0.806	 	1.722	 	
0.877	 	0.310	 	0.077	 	-0.933	 	-0.916	 	-1.205	 	0.806	 	1.722	 	
0.878	 	0.310	 	0.077	 	-0.933	 	-0.916	 	-1.205	 	0.806	 	1.722	 	
0.879	 	0.310	 	0.077	 	-0.933	 	-0.916	 	-1.205	 	0.807	 	1.722	 	
0.880	 	0.310	 	0.077	 	-0.934	 	-0.916	 	-1.206	 	0.807	 	1.722	 	
0.881	 	0.310	 	0.078	 	-0.934	 	-0.915	 	-1.206	 	0.807	 	1.723	 	
0.882	 	0.310	 	0.078	 	-0.935	 	-0.915	 	-1.206	 	0.807	 	1.723	 	
0.883	 	0.310	 	0.078	 	-0.935	 	-0.915	 	-1.207	 	0.808	 	1.723	 	
0.884	 	0.310	 	0.078	 	-0.935	 	-0.915	 	-1.207	 	0.808	 	1.723	 	
0.885	 	0.310	 	0.078	 	-0.936	 	-0.915	 	-1.207	 	0.808	 	1.723	 	
0.886	 	0.310	 	0.078	 	-0.936	 	-0.915	 	-1.207	 	0.808	 	1.723	 	
0.887	 	0.310	 	0.078	 	-0.936	 	-0.914	 	-1.208	 	0.809	 	1.723	 	
0.888	 	0.310	 	0.078	 	-0.937	 	-0.914	 	-1.208	 	0.809	 	1.723	 	
0.889	 	0.310	 	0.078	 	-0.937	 	-0.914	 	-1.208	 	0.809	 	1.723	 	
0.890	 	0.310	 	0.078	 	-0.938	 	-0.914	 	-1.209	 	0.809	 	1.723	 	
0.891	 	0.310	 	0.078	 	-0.938	 	-0.914	 	-1.209	 	0.809	 	1.723	 	
0.892	 	0.310	 	0.078	 	-0.938	 	-0.914	 	-1.209	 	0.810	 	1.723	 	
0.893	 	0.310	 	0.078	 	-0.939	 	-0.913	 	-1.210	 	0.810	 	1.723	 	
0.894	 	0.310	 	0.078	 	-0.939	 	-0.913	 	-1.210	 	0.810	 	1.723	 	
0.895	 	0.310	 	0.078	 	-0.940	 	-0.913	 	-1.210	 	0.810	 	1.723	 	
0.896	 	0.310	 	0.078	 	-0.940	 	-0.913	 	-1.211	 	0.811	 	1.723	 	
0.897	 	0.310	 	0.078	 	-0.940	 	-0.913	 	-1.211	 	0.811	 	1.724	 	
0.898	 	0.310	 	0.078	 	-0.941	 	-0.913	 	-1.211	 	0.811	 	1.724	 	
0.899	 	0.310	 	0.078	 	-0.941	 	-0.912	 	-1.212	 	0.811	 	1.724	 	
0.900	 	0.310	 	0.078	 	-0.942	 	-0.912	 	-1.212	 	0.812	 	1.724	 	
0.901	 	0.310	 	0.078	 	-0.942	 	-0.912	 	-1.212	 	0.812	 	1.724	 	
0.902	 	0.310	 	0.078	 	-0.942	 	-0.912	 	-1.213	 	0.812	 	1.724	 	
0.903	 	0.310	 	0.078	 	-0.943	 	-0.912	 	-1.213	 	0.812	 	1.724	 	
0.904	 	0.310	 	0.078	 	-0.943	 	-0.911	 	-1.214	 	0.812	 	1.724	 	
0.905	 	0.310	 	0.078	 	-0.944	 	-0.911	 	-1.214	 	0.813	 	1.724	 	
0.906	 	0.310	 	0.078	 	-0.944	 	-0.911	 	-1.214	 	0.813	 	1.724	 	
0.907	 	0.310	 	0.078	 	-0.944	 	-0.911	 	-1.215	 	0.813	 	1.724	 	
0.908	 	0.310	 	0.078	 	-0.945	 	-0.911	 	-1.215	 	0.813	 	1.724	 	
0.909	 	0.310	 	0.078	 	-0.945	 	-0.911	 	-1.215	 	0.814	 	1.724	 	
0.910	 	0.310	 	0.078	 	-0.946	 	-0.910	 	-1.216	 	0.814	 	1.724	 	
0.911	 	0.310	 	0.078	 	-0.946	 	-0.910	 	-1.216	 	0.814	 	1.724	 	
0.912	 	0.310	 	0.078	 	-0.946	 	-0.910	 	-1.216	 	0.814	 	1.724	 	
0.913	 	0.310	 	0.079	 	-0.947	 	-0.910	 	-1.217	 	0.815	 	1.724	 	
0.914	 	0.310	 	0.079	 	-0.947	 	-0.910	 	-1.217	 	0.815	 	1.724	 	
0.915	 	0.310	 	0.079	 	-0.948	 	-0.909	 	-1.217	 	0.815	 	1.724	 	
0.916	 	0.310	 	0.079	 	-0.948	 	-0.909	 	-1.218	 	0.815	 	1.725	 	
0.917	 	0.310	 	0.079	 	-0.948	 	-0.909	 	-1.218	 	0.815	 	1.725	 	
0.918	 	0.310	 	0.079	 	-0.949	 	-0.909	 	-1.219	 	0.816	 	1.725	 	
0.919	 	0.310	 	0.079	 	-0.949	 	-0.909	 	-1.219	 	0.816	 	1.725	 	
0.920	 	0.310	 	0.079	 	-0.950	 	-0.909	 	-1.219	 	0.816	 	1.725	 	
0.921	 	0.310	 	0.079	 	-0.950	 	-0.908	 	-1.220	 	0.816	 	1.725	 	
0.922	 	0.310	 	0.079	 	-0.951	 	-0.908	 	-1.220	 	0.817	 	1.725	 	
0.923	 	0.310	 	0.079	 	-0.951	 	-0.908	 	-1.220	 	0.817	 	1.725	 	
0.924	 	0.310	 	0.079	 	-0.951	 	-0.908	 	-1.221	 	0.817	 	1.725	 	
0.925	 	0.310	 	0.079	 	-0.952	 	-0.908	 	-1.221	 	0.817	 	1.725	 	
0.926	 	0.310	 	0.079	 	-0.952	 	-0.907	 	-1.222	 	0.818	 	1.725	 	
0.927	 	0.310	 	0.079	 	-0.953	 	-0.907	 	-1.222	 	0.818	 	1.725	 	
0.928	 	0.310	 	0.079	 	-0.953	 	-0.907	 	-1.222	 	0.818	 	1.725	 	
0.929	 	0.310	 	0.079	 	-0.953	 	-0.907	 	-1.223	 	0.818	 	1.725	 	
0.930	 	0.310	 	0.079	 	-0.954	 	-0.907	 	-1.223	 	0.819	 	1.725	 	
0.931	 	0.310	 	0.079	 	-0.954	 	-0.906	 	-1.223	 	0.819	 	1.725	 	
0.932	 	0.310	 	0.079	 	-0.955	 	-0.906	 	-1.224	 	0.819	 	1.725	 	
0.933	 	0.310	 	0.079	 	-0.955	 	-0.906	 	-1.224	 	0.819	 	1.725	 	
0.934	 	0.310	 	0.079	 	-0.955	 	-0.906	 	-1.225	 	0.820	 	1.725	 	
0.935	 	0.310	 	0.079	 	-0.956	 	-0.906	 	-1.225	 	0.820	 	1.725	 	
0.936	 	0.310	 	0.079	 	-0.956	 	-0.906	 	-1.225	 	0.820	 	1.726	 	
0.937	 	0.310	 	0.079	 	-0.957	 	-0.905	 	-1.226	 	0.820	 	1.726	 	
0.938	 	0.310	 	0.079	 	-0.957	 	-0.905	 	-1.226	 	0.821	 	1.726	 	
0.939	 	0.310	 	0.079	 	-0.958	 	-0.905	 	-1.227	 	0.821	 	1.726	 	
0.940	 	0.310	 	0.079	 	-0.958	 	-0.905	 	-1.227	 	0.821	 	1.726	 	
0.941	 	0.310	 	0.079	 	-0.958	 	-0.905	 	-1.227	 	0.821	 	1.726	 	
0.942	 	0.310	 	0.079	 	-0.959	 	-0.904	 	-1.228	 	0.821	 	1.726	 	
0.943	 	0.310	 	0.080	 	-0.959	 	-0.904	 	-1.228	 	0.822	 	1.726	 	
0.944	 	0.310	 	0.080	 	-0.960	 	-0.904	 	-1.229	 	0.822	 	1.726	 	
0.945	 	0.310	 	0.080	 	-0.960	 	-0.904	 	-1.229	 	0.822	 	1.726	 	
0.946	 	0.310	 	0.080	 	-0.961	 	-0.904	 	-1.229	 	0.822	 	1.726	 	
0.947	 	0.310	 	0.080	 	-0.961	 	-0.903	 	-1.230	 	0.823	 	1.726	 	
0.948	 	0.310	 	0.080	 	-0.961	 	-0.903	 	-1.230	 	0.823	 	1.726	 	
0.949	 	0.310	 	0.080	 	-0.962	 	-0.903	 	-1.231	 	0.823	 	1.726	 	
0.950	 	0.310	 	0.080	 	-0.962	 	-0.903	 	-1.231	 	0.824	 	1.726	 	
0.951	 	0.310	 	0.080	 	-0.963	 	-0.903	 	-1.232	 	0.824	 	1.726	 	
0.952	 	0.310	 	0.080	 	-0.963	 	-0.903	 	-1.232	 	0.824	 	1.727	 	
0.953	 	0.310	 	0.080	 	-0.964	 	-0.902	 	-1.232	 	0.824	 	1.727	 	
0.954	 	0.310	 	0.080	 	-0.964	 	-0.902	 	-1.233	 	0.825	 	1.727	 	
0.955	 	0.310	 	0.080	 	-0.964	 	-0.902	 	-1.233	 	0.825	 	1.727	 	
0.956	 	0.310	 	0.080	 	-0.965	 	-0.902	 	-1.234	 	0.825	 	1.727	 	
0.957	 	0.310	 	0.080	 	-0.965	 	-0.902	 	-1.234	 	0.825	 	1.727	 	
0.958	 	0.310	 	0.080	 	-0.966	 	-0.901	 	-1.235	 	0.826	 	1.727	 	
0.959	 	0.310	 	0.080	 	-0.966	 	-0.901	 	-1.235	 	0.826	 	1.727	 	
0.960	 	0.310	 	0.080	 	-0.967	 	-0.901	 	-1.236	 	0.826	 	1.727	 	
0.961	 	0.310	 	0.080	 	-0.967	 	-0.901	 	-1.236	 	0.826	 	1.727	 	
0.962	 	0.310	 	0.080	 	-0.967	 	-0.901	 	-1.236	 	0.827	 	1.727	 	
0.963	 	0.310	 	0.080	 	-0.968	 	-0.900	 	-1.237	 	0.827	 	1.727	 	
0.964	 	0.310	 	0.080	 	-0.968	 	-0.900	 	-1.237	 	0.827	 	1.728	 	
0.965	 	0.310	 	0.080	 	-0.969	 	-0.900	 	-1.238	 	0.828	 	1.728	 	
0.966	 	0.310	 	0.080	 	-0.969	 	-0.900	 	-1.238	 	0.828	 	1.728	 	
0.967	 	0.310	 	0.080	 	-0.970	 	-0.900	 	-1.239	 	0.828	 	1.728	 	
0.968	 	0.310	 	0.080	 	-0.970	 	-0.900	 	-1.239	 	0.828	 	1.728	 	
0.969	 	0.310	 	0.080	 	-0.971	 	-0.899	 	-1.240	 	0.829	 	1.728	 	
0.970	 	0.310	 	0.080	 	-0.971	 	-0.899	 	-1.240	 	0.829	 	1.728	 	
0.971	 	0.310	 	0.080	 	-0.972	 	-0.899	 	-1.241	 	0.829	 	1.728	 	
0.972	 	0.310	 	0.081	 	-0.972	 	-0.899	 	-1.241	 	0.830	 	1.728	 	
0.973	 	0.310	 	0.081	 	-0.972	 	-0.899	 	-1.242	 	0.830	 	1.729	 	
0.974	 	0.310	 	0.081	 	-0.973	 	-0.899	 	-1.242	 	0.830	 	1.729	 	
0.975	 	0.310	 	0.081	 	-0.973	 	-0.898	 	-1.242	 	0.830	 	1.729	 	
0.976	 	0.310	 	0.081	 	-0.974	 	-0.898	 	-1.243	 	0.831	 	1.729	 	
0.977	 	0.310	 	0.081	 	-0.974	 	-0.898	 	-1.243	 	0.831	 	1.729	 	
0.978	 	0.310	 	0.081	 	-0.975	 	-0.898	 	-1.244	 	0.831	 	1.729	 	
0.979	 	0.310	 	0.081	 	-0.975	 	-0.898	 	-1.244	 	0.832	 	1.729	 	
0.980	 	0.310	 	0.081	 	-0.976	 	-0.897	 	-1.245	 	0.832	 	1.729	 	
0.981	 	0.310	 	0.081	 	-0.976	 	-0.897	 	-1.245	 	0.832	 	1.730	 	
0.982	 	0.310	 	0.081	 	-0.977	 	-0.897	 	-1.246	 	0.833	 	1.730	 	
0.983	 	0.310	 	0.081	 	-0.977	 	-0.897	 	-1.246	 	0.833	 	1.730	 	
0.984	 	0.310	 	0.081	 	-0.978	 	-0.897	 	-1.247	 	0.833	 	1.730	 	
0.985	 	0.310	 	0.081	 	-0.978	 	-0.897	 	-1.247	 	0.834	 	1.730	 	
0.986	 	0.310	 	0.081	 	-0.979	 	-0.896	 	-1.248	 	0.834	 	1.730	 	
0.987	 	0.310	 	0.081	 	-0.979	 	-0.896	 	-1.248	 	0.834	 	1.731	 	
0.988	 	0.310	 	0.081	 	-0.980	 	-0.896	 	-1.249	 	0.835	 	1.731	 	
0.989	 	0.310	 	0.081	 	-0.980	 	-0.896	 	-1.250	 	0.835	 	1.731	 	
0.990	 	0.310	 	0.081	 	-0.980	 	-0.896	 	-1.250	 	0.835	 	1.731	 	
0.991	 	0.310	 	0.081	 	-0.981	 	-0.896	 	-1.251	 	0.836	 	1.731	 	
0.992	 	0.310	 	0.081	 	-0.981	 	-0.896	 	-1.251	 	0.836	 	1.731	 	
0.993	 	0.310	 	0.081	 	-0.982	 	-0.895	 	-1.252	 	0.836	 	1.732	 	
0.994	 	0.310	 	0.081	 	-0.982	 	-0.895	 	-1.252	 	0.837	 	1.732	 	
0.995	 	0.310	 	0.081	 	-0.983	 	-0.895	 	-1.253	 	0.837	 	1.732	 	
0.996	 	0.310	 	0.081	 	-0.983	 	-0.895	 	-1.253	 	0.837	 	1.732	 	
0.997	 	0.310	 	0.081	 	-0.984	 	-0.895	 	-1.254	 	0.838	 	1.732	 	
0.998	 	0.310	 	0.081	 	-0.984	 	-0.895	 	-1.254	 	0.838	 	1.733	 	
0.999	 	0.310	 	0.082	 	-0.985	 	-0.895	 	-1.255	 	0.838	 	1.733	 	
