-3.5		4.14387e-07		-2.81992e-06		-1.32455e-05		4.94792e-05
-3.49		8.30823e-07		-5.65264e-06		-2.65456e-05		9.91423e-05
-3.48		1.25134e-06		-8.51083e-06		-3.99545e-05		0.000149171
-3.47		1.67798e-06		-1.14071e-05		-5.35259e-05		0.000199745
-3.46		2.11277e-06		-1.43542e-05		-6.73134e-05		0.000251044
-3.45		2.55777e-06		-1.73646e-05		-8.13708e-05		0.000303246
-3.44		3.01504e-06		-2.04513e-05		-9.5752e-05		0.000356531
-3.43		3.48669e-06		-2.36272e-05		-0.000110512		0.000411079
-3.42		3.97488e-06		-2.69055e-05		-0.000125705		0.00046707
-3.41		4.48181e-06		-3.02995e-05		-0.000141387		0.000524688
-3.4		5.00974e-06		-3.38231e-05		-0.000157616		0.000584118
-3.39		5.56099e-06		-3.74903e-05		-0.000174449		0.00064555
-3.38		6.13797e-06		-4.13156e-05		-0.000191947		0.000709174
-3.37		6.74318e-06		-4.53139e-05		-0.00021017		0.000775188
-3.36		7.37922e-06		-4.95008e-05		-0.000229181		0.000843791
-3.35		8.04877e-06		-5.38923e-05		-0.000249045		0.000915189
-3.34		8.75466e-06		-5.85049e-05		-0.00026983		0.000989593
-3.33		9.49983e-06		-6.3356e-05		-0.000291603		0.00106722
-3.32		1.02873e-05		-6.84636e-05		-0.000314437		0.00114829
-3.31		1.11204e-05		-7.38464e-05		-0.000338407		0.00123303
-3.3		1.20025e-05		-7.9524e-05		-0.000363588		0.00132169
-3.29		1.2937e-05		-8.55168e-05		-0.000390062		0.0014145
-3.28		1.39278e-05		-9.18463e-05		-0.000417911		0.00151172
-3.27		1.49787e-05		-9.85348e-05		-0.000447223		0.00161361
-3.26		1.6094e-05		-0.000105606		-0.000478087		0.00172043
-3.25		1.72778e-05		-0.000113084		-0.000510597		0.00183248
-3.24		1.85349e-05		-0.000120994		-0.000544852		0.00195004
-3.23		1.98699e-05		-0.000129365		-0.000580954		0.0020734
-3.22		2.12881e-05		-0.000138223		-0.000619008		0.00220289
-3.21		2.27947e-05		-0.000147599		-0.000659127		0.00233882
-3.2		2.43954e-05		-0.000157524		-0.000701426		0.00248152
-3.19		2.60962e-05		-0.00016803		-0.000746027		0.00263135
-3.18		2.79033e-05		-0.000179152		-0.000793055		0.00278867
-3.17		2.98233e-05		-0.000190926		-0.000842642		0.00295384
-3.16		3.18632e-05		-0.000203388		-0.000894926		0.00312725
-3.15		3.40304e-05		-0.00021658		-0.000950051		0.0033093
-3.14		3.63327e-05		-0.000230543		-0.00100817		0.00350042
-3.13		3.87781e-05		-0.000245319		-0.00106943		0.00370102
-3.12		4.13753e-05		-0.000260955		-0.001134		0.00391156
-3.11		4.41334e-05		-0.000277499		-0.00120205		0.00413249
-3.1		4.7062e-05		-0.000295		-0.00127375		0.0043643
-3.09		5.01711e-05		-0.000313513		-0.0013493		0.00460748
-3.08		5.34713e-05		-0.000333091		-0.00142888		0.00486255
-3.07		5.69739e-05		-0.000353794		-0.0015127		0.00513004
-3.06		6.06907e-05		-0.00037568		-0.00160096		0.0054105
-3.05		6.46339e-05		-0.000398815		-0.00169389		0.0057045
-3.04		6.88168e-05		-0.000423265		-0.0017917		0.00601262
-3.03		7.3253e-05		-0.000449099		-0.00189464		0.00633548
-3.02		7.79569e-05		-0.000476391		-0.00200296		0.0066737
-3.01		8.29439e-05		-0.000505217		-0.0021169		0.00702794
-3		8.82299e-05		-0.000535657		-0.00223673		0.00739887
-2.99		9.38317e-05		-0.000567795		-0.00236274		0.00778718
-2.98		9.9767e-05		-0.000601718		-0.00249521		0.00819359
-2.97		0.000106054		-0.000637518		-0.00263444		0.00861884
-2.96		0.000112714		-0.000675291		-0.00278074		0.00906369
-2.95		0.000119765		-0.000715136		-0.00293443		0.00952892
-2.94		0.00012723		-0.000757159		-0.00309585		0.0100153
-2.93		0.000135131		-0.000801468		-0.00326535		0.0105238
-2.92		0.000143493		-0.000848177		-0.0034433		0.0110551
-2.91		0.000152339		-0.000897406		-0.00363006		0.0116102
-2.9		0.000161697		-0.000949278		-0.00382602		0.01219
-2.89		0.000171594		-0.00100392		-0.00403159		0.0127954
-2.88		0.000182058		-0.00106148		-0.00424719		0.0134274
-2.87		0.000193119		-0.00112208		-0.00447325		0.014087
-2.86		0.00020481		-0.00118588		-0.00471021		0.0147751
-2.85		0.000217164		-0.00125303		-0.00495855		0.0154928
-2.84		0.000230215		-0.00132369		-0.00521874		0.0162412
-2.83		0.000243999		-0.00139802		-0.00549128		0.0170214
-2.82		0.000258555		-0.0014762		-0.00577669		0.0178345
-2.81		0.000273923		-0.00155841		-0.00607549		0.0186816
-2.8		0.000290144		-0.00164484		-0.00638823		0.0195639
-2.79		0.000307262		-0.00173568		-0.00671549		0.0204827
-2.78		0.000325323		-0.00183113		-0.00705784		0.0214391
-2.77		0.000344375		-0.00193141		-0.00741589		0.0224344
-2.76		0.000364467		-0.00203673		-0.00779027		0.0234698
-2.75		0.000385652		-0.00214732		-0.00818162		0.0245468
-2.74		0.000407984		-0.00226342		-0.0085906		0.0256666
-2.73		0.000431521		-0.00238527		-0.00901789		0.0268306
-2.72		0.000456322		-0.00251313		-0.0094642		0.0280402
-2.71		0.000482448		-0.00264726		-0.00993025		0.0292968
-2.7		0.000509966		-0.00278794		-0.0104168		0.0306018
-2.69		0.000538943		-0.00293546		-0.0109246		0.0319567
-2.68		0.000569449		-0.0030901		-0.0114544		0.0333629
-2.67		0.000601558		-0.00325217		-0.0120071		0.034822
-2.66		0.000635347		-0.00342199		-0.0125835		0.0363356
-2.65		0.000670897		-0.00359988		-0.0131844		0.0379051
-2.64		0.00070829		-0.0037862		-0.0138107		0.0395321
-2.63		0.000747614		-0.00398128		-0.0144633		0.0412183
-2.62		0.000788959		-0.00418549		-0.0151432		0.0429651
-2.61		0.000832419		-0.00439921		-0.0158513		0.0447744
-2.6		0.000878094		-0.00462283		-0.0165885		0.0466476
-2.59		0.000926084		-0.00485674		-0.0173559		0.0485865
-2.58		0.000976498		-0.00510136		-0.0181544		0.0505927
-2.57		0.00102944		-0.00535713		-0.0189852		0.0526678
-2.56		0.00108504		-0.00562448		-0.0198492		0.0548137
-2.55		0.0011434		-0.00590387		-0.0207476		0.057032
-2.54		0.00120466		-0.00619577		-0.0216814		0.0593243
-2.53		0.00126893		-0.00650068		-0.0226518		0.0616924
-2.52		0.00133636		-0.00681908		-0.02366		0.0641381
-2.51		0.00140709		-0.00715149		-0.024707		0.0666629
-2.5		0.00148125		-0.00749845		-0.0257943		0.0692687
-2.49		0.00155901		-0.00786051		-0.0269228		0.0719571
-2.48		0.00164051		-0.00823823		-0.028094		0.0747299
-2.47		0.00172591		-0.00863218		-0.029309		0.0775886
-2.46		0.00181539		-0.00904297		-0.0305691		0.0805351
-2.45		0.00190912		-0.00947122		-0.0318757		0.0835709
-2.44		0.00200728		-0.00991754		-0.0332301		0.0866976
-2.43		0.00211005		-0.0103826		-0.0346336		0.089917
-2.42		0.00221762		-0.010867		-0.0360876		0.0932306
-2.41		0.0023302		-0.0113716		-0.0375935		0.09664
-2.4		0.002448		-0.0118969		-0.0391526		0.100147
-2.39		0.00257122		-0.0124437		-0.0407665		0.103752
-2.38		0.0027001		-0.0130127		-0.0424365		0.107458
-2.37		0.00283485		-0.0136047		-0.044164		0.111266
-2.36		0.00297571		-0.0142205		-0.0459506		0.115176
-2.35		0.00312294		-0.0148609		-0.0477977		0.119191
-2.34		0.00327678		-0.0155266		-0.0497067		0.123312
-2.33		0.00343749		-0.0162185		-0.0516793		0.12754
-2.32		0.00360534		-0.0169375		-0.0537169		0.131876
-2.31		0.00378061		-0.0176843		-0.055821		0.136321
-2.3		0.00396359		-0.01846		-0.0579931		0.140876
-2.29		0.00415458		-0.0192654		-0.0602347		0.145542
-2.28		0.00435388		-0.0201015		-0.0625474		0.150321
-2.27		0.0045618		-0.0209691		-0.0649328		0.155212
-2.26		0.00477867		-0.0218692		-0.0673922		0.160217
-2.25		0.00500483		-0.0228029		-0.0699273		0.165336
-2.24		0.00524061		-0.0237711		-0.0725396		0.17057
-2.23		0.00548638		-0.0247748		-0.0752306		0.175919
-2.22		0.00574249		-0.0258151		-0.0780017		0.181383
-2.21		0.00600933		-0.026893		-0.0808546		0.186962
-2.2		0.00628728		-0.0280096		-0.0837906		0.192658
-2.19		0.00657674		-0.0291659		-0.0868112		0.198468
-2.18		0.00687811		-0.0303632		-0.089918		0.204395
-2.17		0.00719182		-0.0316025		-0.0931122		0.210436
-2.16		0.00751829		-0.0328848		-0.0963953		0.216592
-2.15		0.00785797		-0.0342115		-0.0997687		0.222862
-2.14		0.00821132		-0.0355837		-0.103234		0.229246
-2.13		0.0085788		-0.0370024		-0.106792		0.235741
-2.12		0.00896088		-0.0384691		-0.110444		0.242349
-2.11		0.00935806		-0.0399847		-0.114192		0.249066
-2.1		0.00977085		-0.0415506		-0.118036		0.255892
-2.09		0.0101997		-0.043168		-0.121979		0.262826
-2.08		0.0106453		-0.0448382		-0.12602		0.269865
-2.07		0.011108		-0.0465623		-0.130162		0.277007
-2.06		0.0115885		-0.0483417		-0.134404		0.284251
-2.05		0.0120873		-0.0501776		-0.138749		0.291594
-2.04		0.0126049		-0.0520714		-0.143196		0.299035
-2.03		0.013142		-0.0540242		-0.147748		0.306569
-2.02		0.0136992		-0.0560374		-0.152403		0.314194
-2.01		0.0142772		-0.0581123		-0.157165		0.321908
-2		0.0148764		-0.0602502		-0.162032		0.329706
-1.99		0.0154976		-0.0624523		-0.167005		0.337586
-1.98		0.0161414		-0.06472		-0.172085		0.345543
-1.97		0.0168086		-0.0670547		-0.177273		0.353574
-1.96		0.0174997		-0.0694575		-0.182568		0.361674
-1.95		0.0182155		-0.0719297		-0.187971		0.36984
-1.94		0.0189567		-0.0744728		-0.193481		0.378066
-1.93		0.019724		-0.0770879		-0.1991		0.386348
-1.92		0.0205182		-0.0797763		-0.204826		0.394681
-1.91		0.0213399		-0.0825393		-0.21066		0.403058
-1.9		0.02219		-0.0853782		-0.216601		0.411476
-1.89		0.0230693		-0.0882942		-0.222649		0.419927
-1.88		0.0239785		-0.0912884		-0.228803		0.428407
-1.87		0.0249184		-0.0943622		-0.235062		0.436908
-1.86		0.0258898		-0.0975167		-0.241426		0.445425
-1.85		0.0268936		-0.100753		-0.247894		0.453951
-1.84		0.0279306		-0.104073		-0.254464		0.462478
-1.83		0.0290016		-0.107476		-0.261136		0.470999
-1.82		0.0301076		-0.110965		-0.267907		0.479508
-1.81		0.0312492		-0.11454		-0.274778		0.487997
-1.8		0.0324276		-0.118202		-0.281745		0.496458
-1.79		0.0336434		-0.121953		-0.288807		0.504882
-1.78		0.0348977		-0.125793		-0.295962		0.513262
-1.77		0.0361914		-0.129724		-0.303208		0.521589
-1.76		0.0375252		-0.133745		-0.310542		0.529854
-1.75		0.0389003		-0.137858		-0.317963		0.538049
-1.74		0.0403175		-0.142064		-0.325467		0.546165
-1.73		0.0417778		-0.146364		-0.333052		0.554192
-1.72		0.0432821		-0.150758		-0.340715		0.562121
-1.71		0.0448313		-0.155246		-0.348452		0.569943
-1.7		0.0464265		-0.15983		-0.35626		0.577647
-1.69		0.0480686		-0.16451		-0.364136		0.585224
-1.68		0.0497585		-0.169286		-0.372076		0.592664
-1.67		0.0514973		-0.174159		-0.380076		0.599957
-1.66		0.053286		-0.179129		-0.388132		0.607092
-1.65		0.0551255		-0.184197		-0.39624		0.614059
-1.64		0.0570167		-0.189362		-0.404395		0.620848
-1.63		0.0589608		-0.194624		-0.412593		0.627448
-1.62		0.0609587		-0.199985		-0.420829		0.633848
-1.61		0.0630113		-0.205443		-0.429098		0.640038
-1.6		0.0651197		-0.210999		-0.437395		0.646007
-1.59		0.0672848		-0.216652		-0.445715		0.651744
-1.58		0.0695077		-0.222402		-0.454051		0.657239
-1.57		0.0717893		-0.228248		-0.462398		0.66248
-1.56		0.0741306		-0.234191		-0.47075		0.667457
-1.55		0.0765325		-0.24023		-0.479102		0.672158
-1.54		0.0789961		-0.246363		-0.487446		0.676574
-1.53		0.0815223		-0.252591		-0.495777		0.680694
-1.52		0.084112		-0.258912		-0.504087		0.684507
-1.51		0.0867662		-0.265325		-0.51237		0.688002
-1.5		0.0894857		-0.271829		-0.52062		0.691169
-1.49		0.0922716		-0.278423		-0.528828		0.693999
-1.48		0.0951247		-0.285106		-0.536987		0.696479
-1.47		0.098046		-0.291876		-0.545091		0.698602
-1.46		0.101036		-0.298732		-0.553131		0.700357
-1.45		0.104096		-0.305672		-0.5611		0.701734
-1.44		0.107227		-0.312694		-0.568989		0.702725
-1.43		0.110429		-0.319796		-0.576792		0.703319
-1.42		0.113704		-0.326977		-0.584499		0.703509
-1.41		0.117052		-0.334233		-0.592102		0.703286
-1.4		0.120473		-0.341564		-0.599593		0.702641
-1.39		0.123969		-0.348966		-0.606964		0.701566
-1.38		0.127541		-0.356437		-0.614205		0.700055
-1.37		0.131188		-0.363974		-0.621309		0.698099
-1.36		0.134912		-0.371574		-0.628266		0.695692
-1.35		0.138713		-0.379235		-0.635067		0.692828
-1.34		0.142593		-0.386953		-0.641705		0.6895
-1.33		0.14655		-0.394725		-0.648168		0.685704
-1.32		0.150587		-0.402548		-0.654449		0.681433
-1.31		0.154703		-0.410418		-0.660539		0.676683
-1.3		0.158899		-0.418332		-0.666429		0.67145
-1.29		0.163175		-0.426286		-0.672108		0.665731
-1.28		0.167532		-0.434276		-0.677569		0.659522
-1.27		0.17197		-0.442298		-0.682802		0.65282
-1.26		0.17649		-0.450348		-0.687798		0.645625
-1.25		0.181091		-0.458422		-0.692548		0.637933
-1.24		0.185774		-0.466515		-0.697043		0.629745
-1.23		0.190539		-0.474622		-0.701274		0.621061
-1.22		0.195386		-0.482739		-0.705232		0.61188
-1.21		0.200315		-0.490862		-0.708908		0.602203
-1.2		0.205327		-0.498985		-0.712294		0.592033
-1.19		0.210421		-0.507103		-0.715381		0.581372
-1.18		0.215597		-0.515211		-0.718161		0.570223
-1.17		0.220855		-0.523304		-0.720625		0.558589
-1.16		0.226195		-0.531376		-0.722765		0.546474
-1.15		0.231616		-0.539422		-0.724572		0.533885
-1.14		0.237119		-0.547436		-0.72604		0.520826
-1.13		0.242703		-0.555412		-0.72716		0.507304
-1.12		0.248367		-0.563345		-0.727925		0.493326
-1.11		0.254112		-0.571229		-0.728328		0.4789
-1.1		0.259936		-0.579057		-0.728361		0.464035
-1.09		0.265839		-0.586823		-0.728018		0.448741
-1.08		0.27182		-0.594522		-0.727293		0.433026
-1.07		0.277879		-0.602147		-0.726178		0.416902
-1.06		0.284014		-0.609691		-0.724669		0.40038
-1.05		0.290226		-0.617148		-0.722759		0.383473
-1.04		0.296513		-0.624512		-0.720443		0.366193
-1.03		0.302873		-0.631775		-0.717716		0.348554
-1.02		0.309307		-0.638932		-0.714573		0.330571
-1.01		0.315813		-0.645975		-0.71101		0.312257
-1		0.322389		-0.652897		-0.707024		0.293629
-0.99		0.329035		-0.659693		-0.702609		0.274703
-0.98		0.335749		-0.666355		-0.697764		0.255497
-0.97		0.342529		-0.672876		-0.692486		0.236026
-0.96		0.349375		-0.679249		-0.686771		0.21631
-0.95		0.356285		-0.685468		-0.680618		0.196368
-0.94		0.363257		-0.691525		-0.674026		0.176218
-0.93		0.370289		-0.697414		-0.666993		0.15588
-0.92		0.37738		-0.703127		-0.659519		0.135376
-0.91		0.384528		-0.708658		-0.651604		0.114725
-0.9		0.391731		-0.714		-0.643247		0.0939501
-0.89		0.398987		-0.719145		-0.63445		0.073072
-0.88		0.406295		-0.724088		-0.625213		0.0521134
-0.87		0.413651		-0.728821		-0.61554		0.0310969
-0.86		0.421054		-0.733338		-0.605431		0.0100456
-0.85		0.428502		-0.737632		-0.594889		-0.0110169
-0.84		0.435992		-0.741696		-0.583919		-0.032067
-0.83		0.443522		-0.745524		-0.572523		-0.0530805
-0.82		0.451089		-0.749109		-0.560706		-0.0740333
-0.81		0.458692		-0.752446		-0.548472		-0.0949007
-0.8		0.466327		-0.755527		-0.535828		-0.115658
-0.79		0.473992		-0.758346		-0.522778		-0.136281
-0.78		0.481684		-0.760898		-0.509329		-0.156743
-0.77		0.489401		-0.763177		-0.495489		-0.177021
-0.76		0.497139		-0.765176		-0.481264		-0.197089
-0.75		0.504896		-0.76689		-0.466663		-0.216921
-0.74		0.512669		-0.768315		-0.451693		-0.236494
-0.73		0.520455		-0.769443		-0.436364		-0.255782
-0.72		0.528251		-0.77027		-0.420686		-0.27476
-0.71		0.536053		-0.770792		-0.404668		-0.293403
-0.7		0.54386		-0.771003		-0.388321		-0.311687
-0.69		0.551667		-0.770898		-0.371656		-0.329589
-0.68		0.559471		-0.770473		-0.354684		-0.347083
-0.67		0.567269		-0.769725		-0.337418		-0.364146
-0.66		0.575058		-0.768648		-0.319869		-0.380756
-0.65		0.582835		-0.767238		-0.302051		-0.396888
-0.64		0.590595		-0.765494		-0.283977		-0.412522
-0.63		0.598336		-0.76341		-0.265661		-0.427634
-0.62		0.606055		-0.760984		-0.247116		-0.442204
-0.61		0.613747		-0.758213		-0.228359		-0.456211
-0.6		0.621409		-0.755094		-0.209402		-0.469634
-0.59		0.629038		-0.751625		-0.190263		-0.482455
-0.58		0.636629		-0.747803		-0.170957		-0.494653
-0.57		0.644181		-0.743627		-0.151499		-0.506211
-0.56		0.651688		-0.739096		-0.131907		-0.517112
-0.55		0.659148		-0.734207		-0.112197		-0.527339
-0.54		0.666556		-0.72896		-0.0923862		-0.536876
-0.53		0.673909		-0.723353		-0.072492		-0.545708
-0.52		0.681204		-0.717388		-0.0525321		-0.553821
-0.51		0.688437		-0.711062		-0.0325243		-0.561202
-0.5		0.695603		-0.704377		-0.0124866		-0.567839
-0.49		0.7027		-0.697333		0.00756247		-0.573721
-0.48		0.709724		-0.68993		0.0276046		-0.578837
-0.47		0.716672		-0.682169		0.0476211		-0.583179
-0.46		0.723538		-0.674052		0.0675932		-0.586737
-0.45		0.730321		-0.66558		0.087502		-0.589506
-0.44		0.737016		-0.656756		0.107329		-0.591478
-0.43		0.743621		-0.647581		0.127054		-0.59265
-0.42		0.75013		-0.638058		0.146659		-0.593017
-0.41		0.756541		-0.62819		0.166124		-0.592576
-0.4		0.762851		-0.61798		0.185431		-0.591328
-0.39		0.769055		-0.607431		0.20456		-0.58927
-0.38		0.775151		-0.596547		0.223492		-0.586404
-0.37		0.781136		-0.585333		0.242209		-0.582731
-0.36		0.787004		-0.573792		0.260692		-0.578256
-0.35		0.792755		-0.56193		0.278921		-0.572983
-0.34		0.798384		-0.54975		0.296879		-0.566916
-0.33		0.803887		-0.53726		0.314547		-0.560063
-0.32		0.809263		-0.524463		0.331907		-0.552432
-0.31		0.814508		-0.511366		0.34894		-0.544032
-0.3		0.819618		-0.497976		0.36563		-0.534873
-0.29		0.824592		-0.484298		0.381959		-0.524966
-0.28		0.829425		-0.470339		0.39791		-0.514325
-0.27		0.834116		-0.456106		0.413466		-0.502962
-0.26		0.838661		-0.441607		0.428611		-0.490893
-0.25		0.843058		-0.426848		0.443329		-0.478132
-0.24		0.847305		-0.411838		0.457603		-0.464699
-0.23		0.851398		-0.396585		0.47142		-0.450609
-0.22		0.855336		-0.381097		0.484764		-0.435883
-0.21		0.859115		-0.365382		0.49762		-0.420539
-0.2		0.862735		-0.349449		0.509976		-0.4046
-0.19		0.866192		-0.333306		0.521817		-0.388087
-0.18		0.869484		-0.316964		0.533131		-0.371023
-0.17		0.87261		-0.300431		0.543906		-0.353432
-0.16		0.875568		-0.283717		0.55413		-0.335337
-0.15		0.878355		-0.266832		0.563791		-0.316764
-0.14		0.880971		-0.249785		0.57288		-0.29774
-0.13		0.883413		-0.232586		0.581386		-0.278291
-0.12		0.885681		-0.215246		0.5893		-0.258445
-0.11		0.887772		-0.197775		0.596614		-0.238229
-0.1		0.889686		-0.180183		0.603319		-0.217672
-0.09		0.891421		-0.162481		0.609408		-0.196804
-0.08		0.892976		-0.144679		0.614874		-0.175654
-0.07		0.89435		-0.126789		0.619711		-0.154252
-0.06		0.895543		-0.108821		0.623915		-0.132629
-0.05		0.896554		-0.0907868		0.627479		-0.110817
-0.04		0.897382		-0.0726965		0.630401		-0.0888446
-0.03		0.898026		-0.0545615		0.632677		-0.0667452
-0.02		0.898487		-0.036393		0.634304		-0.0445501
-0.01		0.898763		-0.0182021		0.635281		-0.022291
0		0.898855		4.67101e-10		0.635607		1.16497e-07
0.01		0.898763		0.0182021		0.635281		0.0222912
0.02		0.898487		0.036393		0.634304		0.0445503
0.03		0.898026		0.0545615		0.632677		0.0667455
0.04		0.897382		0.0726965		0.630401		0.0888449
0.05		0.896554		0.0907868		0.627479		0.110817
0.06		0.895543		0.108821		0.623915		0.13263
0.07		0.89435		0.126789		0.619711		0.154253
0.08		0.892976		0.144679		0.614874		0.175654
0.09		0.891421		0.162481		0.609408		0.196804
0.1		0.889686		0.180183		0.603319		0.217673
0.11		0.887772		0.197775		0.596614		0.238229
0.12		0.885681		0.215246		0.5893		0.258445
0.13		0.883413		0.232586		0.581386		0.278292
0.14		0.880971		0.249785		0.57288		0.297741
0.15		0.878355		0.266832		0.563791		0.316765
0.16		0.875568		0.283717		0.55413		0.335338
0.17		0.87261		0.300431		0.543906		0.353432
0.18		0.869484		0.316964		0.533131		0.371024
0.19		0.866192		0.333306		0.521817		0.388088
0.2		0.862735		0.349449		0.509976		0.404601
0.21		0.859115		0.365382		0.49762		0.42054
0.22		0.855336		0.381097		0.484764		0.435883
0.23		0.851398		0.396585		0.47142		0.45061
0.24		0.847305		0.411838		0.457603		0.4647
0.25		0.843058		0.426848		0.443329		0.478133
0.26		0.838661		0.441607		0.428611		0.490894
0.27		0.834116		0.456106		0.413466		0.502963
0.28		0.829425		0.470339		0.39791		0.514326
0.29		0.824592		0.484298		0.381959		0.524967
0.3		0.819618		0.497976		0.36563		0.534874
0.31		0.814508		0.511366		0.34894		0.544033
0.32		0.809263		0.524463		0.331907		0.552433
0.33		0.803887		0.53726		0.314547		0.560064
0.34		0.798384		0.54975		0.296879		0.566917
0.35		0.792755		0.56193		0.278921		0.572984
0.36		0.787004		0.573792		0.260692		0.578257
0.37		0.781136		0.585333		0.242209		0.582732
0.38		0.775151		0.596547		0.223492		0.586405
0.39		0.769055		0.607431		0.20456		0.589271
0.4		0.762851		0.61798		0.185431		0.591329
0.41		0.756541		0.62819		0.166124		0.592578
0.42		0.75013		0.638058		0.146659		0.593018
0.43		0.743621		0.647581		0.127054		0.592651
0.44		0.737016		0.656756		0.107328		0.591479
0.45		0.730321		0.66558		0.087502		0.589507
0.46		0.723538		0.674052		0.0675932		0.586738
0.47		0.716672		0.682169		0.0476211		0.58318
0.48		0.709724		0.68993		0.0276046		0.578838
0.49		0.7027		0.697333		0.00756246		0.573722
0.5		0.695603		0.704377		-0.0124866		0.56784
0.51		0.688437		0.711062		-0.0325243		0.561203
0.52		0.681204		0.717388		-0.0525321		0.553822
0.53		0.673909		0.723353		-0.072492		0.545709
0.54		0.666556		0.72896		-0.0923862		0.536877
0.55		0.659148		0.734207		-0.112197		0.52734
0.56		0.651688		0.739096		-0.131907		0.517113
0.57		0.644181		0.743627		-0.151499		0.506212
0.58		0.636629		0.747803		-0.170957		0.494654
0.59		0.629038		0.751625		-0.190263		0.482455
0.6		0.621409		0.755094		-0.209402		0.469635
0.61		0.613747		0.758213		-0.228359		0.456212
0.62		0.606055		0.760984		-0.247116		0.442205
0.63		0.598336		0.76341		-0.265661		0.427635
0.64		0.590595		0.765494		-0.283977		0.412523
0.65		0.582835		0.767239		-0.302051		0.396889
0.66		0.575058		0.768648		-0.319869		0.380756
0.67		0.567269		0.769725		-0.337418		0.364147
0.68		0.559471		0.770473		-0.354684		0.347083
0.69		0.551667		0.770898		-0.371656		0.329589
0.7		0.54386		0.771003		-0.388321		0.311688
0.71		0.536053		0.770792		-0.404668		0.293403
0.72		0.528251		0.77027		-0.420686		0.27476
0.73		0.520455		0.769443		-0.436364		0.255782
0.74		0.512669		0.768315		-0.451693		0.236494
0.75		0.504896		0.76689		-0.466663		0.216922
0.76		0.497139		0.765176		-0.481264		0.197089
0.77		0.489401		0.763177		-0.495489		0.177021
0.78		0.481684		0.760898		-0.509329		0.156743
0.79		0.473992		0.758346		-0.522778		0.136281
0.8		0.466327		0.755527		-0.535828		0.115658
0.81		0.458692		0.752446		-0.548472		0.0949007
0.82		0.451089		0.749109		-0.560706		0.0740333
0.83		0.443522		0.745524		-0.572523		0.0530805
0.84		0.435992		0.741696		-0.583919		0.0320669
0.85		0.428502		0.737632		-0.594889		0.0110168
0.86		0.421054		0.733338		-0.605431		-0.0100458
0.87		0.413651		0.728821		-0.61554		-0.031097
0.88		0.406295		0.724088		-0.625213		-0.0521136
0.89		0.398987		0.719145		-0.63445		-0.0730723
0.9		0.391731		0.714		-0.643247		-0.0939504
0.91		0.384528		0.708658		-0.651604		-0.114726
0.92		0.37738		0.703127		-0.659519		-0.135376
0.93		0.370289		0.697414		-0.666993		-0.155881
0.94		0.363257		0.691525		-0.674026		-0.176218
0.95		0.356285		0.685468		-0.680618		-0.196368
0.96		0.349375		0.679249		-0.686771		-0.216311
0.97		0.342529		0.672876		-0.692486		-0.236027
0.98		0.335749		0.666355		-0.697764		-0.255497
0.99		0.329035		0.659693		-0.702609		-0.274704
1		0.322389		0.652897		-0.707024		-0.29363
1.01		0.315813		0.645975		-0.71101		-0.312258
1.02		0.309307		0.638932		-0.714573		-0.330571
1.03		0.302873		0.631775		-0.717716		-0.348555
1.04		0.296513		0.624512		-0.720443		-0.366194
1.05		0.290226		0.617148		-0.722759		-0.383474
1.06		0.284014		0.609691		-0.724669		-0.400381
1.07		0.277879		0.602147		-0.726178		-0.416903
1.08		0.27182		0.594522		-0.727293		-0.433027
1.09		0.265839		0.586823		-0.728018		-0.448741
1.1		0.259936		0.579057		-0.728361		-0.464036
1.11		0.254112		0.571229		-0.728328		-0.478901
1.12		0.248367		0.563345		-0.727925		-0.493327
1.13		0.242703		0.555412		-0.72716		-0.507305
1.14		0.237119		0.547436		-0.72604		-0.520827
1.15		0.231616		0.539422		-0.724572		-0.533886
1.16		0.226195		0.531376		-0.722765		-0.546475
1.17		0.220855		0.523304		-0.720625		-0.55859
1.18		0.215597		0.515211		-0.718161		-0.570224
1.19		0.210421		0.507103		-0.715381		-0.581373
1.2		0.205327		0.498985		-0.712294		-0.592035
1.21		0.200315		0.490862		-0.708908		-0.602204
1.22		0.195386		0.482739		-0.705232		-0.611881
1.23		0.190539		0.474622		-0.701274		-0.621062
1.24		0.185774		0.466515		-0.697043		-0.629746
1.25		0.181091		0.458422		-0.692548		-0.637934
1.26		0.17649		0.450348		-0.687798		-0.645626
1.27		0.17197		0.442298		-0.682802		-0.652821
1.28		0.167532		0.434276		-0.677569		-0.659523
1.29		0.163175		0.426286		-0.672108		-0.665732
1.3		0.158899		0.418332		-0.666429		-0.671451
1.31		0.154703		0.410418		-0.660539		-0.676684
1.32		0.150587		0.402548		-0.654449		-0.681434
1.33		0.14655		0.394725		-0.648168		-0.685705
1.34		0.142593		0.386953		-0.641704		-0.689502
1.35		0.138713		0.379235		-0.635067		-0.692829
1.36		0.134912		0.371574		-0.628266		-0.695694
1.37		0.131188		0.363974		-0.621309		-0.6981
1.38		0.127541		0.356437		-0.614205		-0.700056
1.39		0.123969		0.348966		-0.606964		-0.701567
1.4		0.120473		0.341564		-0.599593		-0.702642
1.41		0.117052		0.334233		-0.592102		-0.703287
1.42		0.113704		0.326977		-0.584499		-0.70351
1.43		0.110429		0.319796		-0.576792		-0.70332
1.44		0.107227		0.312694		-0.568989		-0.702726
1.45		0.104096		0.305672		-0.5611		-0.701735
1.46		0.101036		0.298732		-0.553131		-0.700358
1.47		0.098046		0.291876		-0.545091		-0.698603
1.48		0.0951247		0.285106		-0.536987		-0.696481
1.49		0.0922716		0.278423		-0.528828		-0.694
1.5		0.0894857		0.271829		-0.52062		-0.69117
1.51		0.0867662		0.265325		-0.51237		-0.688003
1.52		0.084112		0.258912		-0.504087		-0.684508
1.53		0.0815223		0.252591		-0.495777		-0.680695
1.54		0.0789961		0.246363		-0.487446		-0.676576
1.55		0.0765325		0.24023		-0.479102		-0.672159
1.56		0.0741306		0.234191		-0.47075		-0.667458
1.57		0.0717893		0.228248		-0.462398		-0.662481
1.58		0.0695077		0.222402		-0.454051		-0.65724
1.59		0.0672848		0.216652		-0.445714		-0.651745
1.6		0.0651197		0.210999		-0.437395		-0.646008
1.61		0.0630113		0.205443		-0.429098		-0.640039
1.62		0.0609587		0.199985		-0.420829		-0.633849
1.63		0.0589608		0.194624		-0.412593		-0.627449
1.64		0.0570167		0.189362		-0.404395		-0.620849
1.65		0.0551255		0.184197		-0.39624		-0.61406
1.66		0.053286		0.179129		-0.388132		-0.607093
1.67		0.0514973		0.174159		-0.380076		-0.599958
1.68		0.0497585		0.169286		-0.372076		-0.592665
1.69		0.0480686		0.16451		-0.364136		-0.585225
1.7		0.0464265		0.15983		-0.35626		-0.577648
1.71		0.0448313		0.155246		-0.348452		-0.569943
1.72		0.0432821		0.150758		-0.340715		-0.562122
1.73		0.0417778		0.146364		-0.333052		-0.554193
1.74		0.0403175		0.142064		-0.325467		-0.546166
1.75		0.0389003		0.137858		-0.317963		-0.53805
1.76		0.0375252		0.133745		-0.310542		-0.529855
1.77		0.0361914		0.129724		-0.303208		-0.521589
1.78		0.0348977		0.125793		-0.295962		-0.513262
1.79		0.0336434		0.121953		-0.288807		-0.504883
1.8		0.0324276		0.118202		-0.281745		-0.496458
1.81		0.0312492		0.11454		-0.274778		-0.487998
1.82		0.0301076		0.110965		-0.267907		-0.479509
1.83		0.0290016		0.107476		-0.261136		-0.471
1.84		0.0279306		0.104073		-0.254464		-0.462478
1.85		0.0268936		0.100753		-0.247894		-0.453951
1.86		0.0258898		0.0975167		-0.241426		-0.445426
1.87		0.0249184		0.0943622		-0.235062		-0.436909
1.88		0.0239785		0.0912884		-0.228803		-0.428408
1.89		0.0230693		0.0882942		-0.222649		-0.419928
1.9		0.02219		0.0853782		-0.216601		-0.411476
1.91		0.0213399		0.0825393		-0.21066		-0.403059
1.92		0.0205182		0.0797763		-0.204826		-0.394681
1.93		0.019724		0.0770879		-0.1991		-0.386349
1.94		0.0189567		0.0744728		-0.193481		-0.378067
1.95		0.0182155		0.0719297		-0.187971		-0.369841
1.96		0.0174997		0.0694575		-0.182568		-0.361675
1.97		0.0168086		0.0670547		-0.177273		-0.353574
1.98		0.0161414		0.06472		-0.172085		-0.345543
1.99		0.0154976		0.0624523		-0.167005		-0.337586
2		0.0148764		0.0602502		-0.162031		-0.329706
2.01		0.0142772		0.0581123		-0.157165		-0.321908
2.02		0.0136992		0.0560374		-0.152403		-0.314194
2.03		0.013142		0.0540242		-0.147748		-0.306569
2.04		0.0126049		0.0520714		-0.143196		-0.299035
2.05		0.0120873		0.0501776		-0.138749		-0.291595
2.06		0.0115885		0.0483417		-0.134404		-0.284251
2.07		0.011108		0.0465623		-0.130162		-0.277007
2.08		0.0106453		0.0448382		-0.12602		-0.269865
2.09		0.0101997		0.043168		-0.121979		-0.262826
2.1		0.00977085		0.0415506		-0.118036		-0.255892
2.11		0.00935806		0.0399847		-0.114192		-0.249066
2.12		0.00896088		0.0384691		-0.110444		-0.242349
2.13		0.0085788		0.0370024		-0.106792		-0.235742
2.14		0.00821132		0.0355837		-0.103234		-0.229246
2.15		0.00785797		0.0342115		-0.0997687		-0.222862
2.16		0.00751829		0.0328848		-0.0963953		-0.216592
2.17		0.00719182		0.0316024		-0.0931121		-0.210436
2.18		0.00687811		0.0303632		-0.0899179		-0.204395
2.19		0.00657674		0.0291659		-0.0868112		-0.198469
2.2		0.00628728		0.0280096		-0.0837906		-0.192658
2.21		0.00600933		0.026893		-0.0808546		-0.186962
2.22		0.00574249		0.0258151		-0.0780017		-0.181383
2.23		0.00548638		0.0247748		-0.0752306		-0.175919
2.24		0.00524061		0.0237711		-0.0725396		-0.17057
2.25		0.00500483		0.0228029		-0.0699273		-0.165336
2.26		0.00477867		0.0218692		-0.0673922		-0.160217
2.27		0.0045618		0.0209691		-0.0649327		-0.155212
2.28		0.00435388		0.0201015		-0.0625474		-0.150321
2.29		0.00415458		0.0192654		-0.0602347		-0.145542
2.3		0.00396359		0.01846		-0.057993		-0.140876
2.31		0.00378061		0.0176843		-0.0558209		-0.136321
2.32		0.00360534		0.0169375		-0.0537168		-0.131876
2.33		0.00343748		0.0162185		-0.0516793		-0.12754
2.34		0.00327677		0.0155266		-0.0497067		-0.123312
2.35		0.00312294		0.0148608		-0.0477976		-0.119191
2.36		0.00297571		0.0142205		-0.0459505		-0.115176
2.37		0.00283485		0.0136047		-0.0441639		-0.111265
2.38		0.0027001		0.0130127		-0.0424364		-0.107458
2.39		0.00257122		0.0124436		-0.0407664		-0.103752
2.4		0.002448		0.0118968		-0.0391526		-0.100146
2.41		0.0023302		0.0113715		-0.0375934		-0.0966398
2.42		0.00221762		0.010867		-0.0360876		-0.0932304
2.43		0.00211004		0.0103826		-0.0346336		-0.0899167
2.44		0.00200728		0.00991753		-0.03323		-0.0866973
2.45		0.00190912		0.00947121		-0.0318757		-0.0835705
2.46		0.00181539		0.00904296		-0.0305691		-0.0805347
2.47		0.00172591		0.00863217		-0.0293089		-0.0775883
2.48		0.00164051		0.00823822		-0.0280939		-0.0747295
2.49		0.00155901		0.0078605		-0.0269227		-0.0719567
2.5		0.00148125		0.00749844		-0.0257942		-0.0692683
2.51		0.00140709		0.00715148		-0.0247069		-0.0666625
2.52		0.00133636		0.00681906		-0.0236599		-0.0641376
2.53		0.00126893		0.00650066		-0.0226517		-0.0616919
2.54		0.00120465		0.00619576		-0.0216813		-0.0593238
2.55		0.0011434		0.00590386		-0.0207474		-0.0570314
2.56		0.00108504		0.00562446		-0.0198491		-0.0548131
2.57		0.00102944		0.00535711		-0.0189851		-0.0526672
2.58		0.000976496		0.00510135		-0.0181543		-0.050592
2.59		0.000926083		0.00485672		-0.0173558		-0.0485858
2.6		0.000878092		0.00462281		-0.0165884		-0.0466469
2.61		0.000832417		0.00439919		-0.0158512		-0.0447737
2.62		0.000788956		0.00418547		-0.0151431		-0.0429644
2.63		0.000747611		0.00398126		-0.0144632		-0.0412175
2.64		0.000708287		0.00378617		-0.0138105		-0.0395313
2.65		0.000670894		0.00359986		-0.0131842		-0.0379043
2.66		0.000635345		0.00342196		-0.0125833		-0.0363347
2.67		0.000601555		0.00325214		-0.0120069		-0.0348211
2.68		0.000569446		0.00309007		-0.0114542		-0.033362
2.69		0.00053894		0.00293543		-0.0109244		-0.0319557
2.7		0.000509963		0.00278791		-0.0104166		-0.0306008
2.71		0.000482445		0.00264723		-0.00993004		-0.0292957
2.72		0.000456318		0.0025131		-0.00946398		-0.0280391
2.73		0.000431517		0.00238523		-0.00901766		-0.0268295
2.74		0.00040798		0.00226338		-0.00859036		-0.0256654
2.75		0.000385648		0.00214728		-0.00818137		-0.0245456
2.76		0.000364462		0.00203668		-0.00779002		-0.0234686
2.77		0.00034437		0.00193136		-0.00741562		-0.022433
2.78		0.000325318		0.00183108		-0.00705756		-0.0214377
2.79		0.000307257		0.00173563		-0.00671519		-0.0204812
2.8		0.000290138		0.00164479		-0.00638792		-0.0195624
2.81		0.000273917		0.00155836		-0.00607516		-0.01868
2.82		0.000258549		0.00147615		-0.00577635		-0.0178328
2.83		0.000243992		0.00139796		-0.00549093		-0.0170197
2.84		0.000230208		0.00132363		-0.00521837		-0.0162394
2.85		0.000217157		0.00125297		-0.00495816		-0.0154909
2.86		0.000204803		0.00118581		-0.00470981		-0.0147731
2.87		0.000193111		0.00112201		-0.00447282		-0.0140849
2.88		0.000182049		0.0010614		-0.00424674		-0.0134253
2.89		0.000171584		0.00100384		-0.00403112		-0.0127932
2.9		0.000161687		0.000949195		-0.00382553		-0.0121877
2.91		0.000152329		0.000897318		-0.00362954		-0.0116078
2.92		0.000143482		0.000848085		-0.00344276		-0.0110526
2.93		0.00013512		0.000801371		-0.00326479		-0.0105212
2.94		0.000127218		0.000757057		-0.00309526		-0.0100126
2.95		0.000119752		0.000715029		-0.00293381		-0.00952603
2.96		0.0001127		0.000675178		-0.00278008		-0.00906067
2.97		0.00010604		0.000637399		-0.00263375		-0.00861568
2.98		9.97515e-05		0.000601592		-0.00249449		-0.00819029
2.99		9.38153e-05		0.000567662		-0.00236198		-0.00778373
3		8.82125e-05		0.000535517		-0.00223594		-0.00739525
3.01		8.29254e-05		0.000505069		-0.00211606		-0.00702416
3.02		7.79374e-05		0.000476234		-0.00200208		-0.00666974
3.03		7.32322e-05		0.000448934		-0.00189372		-0.00633132
3.04		6.87948e-05		0.00042309		-0.00179073		-0.00600827
3.05		6.46106e-05		0.00039863		-0.00169286		-0.00569993
3.06		6.06659e-05		0.000375485		-0.00159989		-0.00540572
3.07		5.69477e-05		0.000353587		-0.00151157		-0.00512503
3.08		5.34434e-05		0.000332873		-0.00142769		-0.0048573
3.09		5.01415e-05		0.000313281		-0.00134804		-0.00460197
3.1		4.70305e-05		0.000294756		-0.00127243		-0.00435851
3.11		4.41e-05		0.00027724		-0.00120065		-0.00412641
3.12		4.13398e-05		0.000260681		-0.00113252		-0.00390518
3.13		3.87404e-05		0.000245029		-0.00106787		-0.00369432
3.14		3.62926e-05		0.000230235		-0.00100652		-0.00349338
3.15		3.39879e-05		0.000216255		-0.000948318		-0.00330191
3.16		3.1818e-05		0.000203043		-0.000893098		-0.00311947
3.17		2.97752e-05		0.00019056		-0.000840712		-0.00294566
3.18		2.78521e-05		0.000178764		-0.000791016		-0.00278007
3.19		2.60417e-05		0.000167619		-0.000743874		-0.00262231
3.2		2.43374e-05		0.000157088		-0.000699151		-0.00247201
3.21		2.2733e-05		0.000147137		-0.000656723		-0.0023288
3.22		2.12224e-05		0.000137733		-0.000616467		-0.00219235
3.23		1.97999e-05		0.000128844		-0.000578267		-0.0020623
3.24		1.84603e-05		0.000120442		-0.000542011		-0.00193834
3.25		1.71984e-05		0.000112497		-0.000507592		-0.00182016
3.26		1.60093e-05		0.000104983		-0.000474907		-0.00170745
3.27		1.48886e-05		9.78733e-05		-0.000443858		-0.00159992
3.28		1.38317e-05		9.11435e-05		-0.000414349		-0.00149729
3.29		1.28345e-05		8.477e-05		-0.000386291		-0.00139928
3.3		1.18932e-05		7.87302e-05		-0.000359594		-0.00130563
3.31		1.10038e-05		7.30025e-05		-0.000334175		-0.00121609
3.32		1.01629e-05		6.75662e-05		-0.000309954		-0.0011304
3.33		9.36705e-06		6.24015e-05		-0.000286851		-0.00104833
3.34		8.61294e-06		5.74895e-05		-0.000264792		-0.000969647
3.35		7.89746e-06		5.28117e-05		-0.000243704		-0.000894119
3.36		7.21764e-06		4.83507e-05		-0.000223516		-0.000821527
3.37		6.5706e-06		4.40896e-05		-0.00020416		-0.000751656
3.38		5.95359e-06		4.00118e-05		-0.000185569		-0.000684296
3.39		5.36397e-06		3.61017e-05		-0.00016768		-0.000619242
3.4		4.79917e-06		3.23438e-05		-0.000150429		-0.000556291
3.41		4.25671e-06		2.87233e-05		-0.000133756		-0.000495246
3.42		3.7342e-06		2.52255e-05		-0.000117599		-0.000435912
3.43		3.22929e-06		2.18363e-05		-0.0001019		-0.000378096
3.44		2.73969e-06		1.85417e-05		-8.66006e-05		-0.000321608
3.45		2.26317e-06		1.5328e-05		-7.16435e-05		-0.000266259
3.46		1.7975e-06		1.21815e-05		-5.69715e-05		-0.00021186
3.47		1.34052e-06		9.08892e-06		-4.25279e-05		-0.000158224
3.48		8.90054e-07		6.03674e-06		-2.82561e-05		-0.000105162
3.49		4.43936e-07		3.01158e-06		-1.40992e-05		-5.24841e-05
