0		2.66439e-24
1		5.42029e-24
2		8.36232e-24
3		1.15915e-23
4		1.52188e-23
5		1.93687e-23
6		2.41837e-23
7		2.98292e-23
8		3.64991e-23
9		4.44224e-23
10		5.38712e-23
11		6.517e-23
12		7.87067e-23
13		9.49464e-23
14		1.14447e-22
15		1.37877e-22
16		1.66042e-22
17		1.99909e-22
18		2.40642e-22
19		2.89638e-22
20		3.4858e-22
21		4.19493e-22
22		5.04812e-22
23		6.07467e-22
24		7.30983e-22
25		8.79601e-22
26		1.05843e-21
27		1.2736e-21
28		1.53251e-21
29		1.84404e-21
30		2.2189e-21
31		2.66996e-21
32		3.21271e-21
33		3.86579e-21
34		4.65162e-21
35		5.5972e-21
36		6.73498e-21
37		8.10405e-21
38		9.75142e-21
39		1.17337e-20
40		1.41189e-20
41		1.69889e-20
42		2.04424e-20
43		2.45978e-20
44		2.9598e-20
45		3.56146e-20
46		4.28542e-20
47		5.15655e-20
48		6.20476e-20
49		7.46605e-20
50		8.98373e-20
51		1.08099e-19
52		1.30073e-19
53		1.56514e-19
54		1.8833e-19
55		2.26613e-19
56		2.72678e-19
57		3.28108e-19
58		3.94804e-19
59		4.75059e-19
60		5.71628e-19
61		6.87827e-19
62		8.27646e-19
63		9.95888e-19
64		1.19833e-18
65		1.44192e-18
66		1.73503e-18
67		2.08772e-18
68		2.51211e-18
69		3.02277e-18
70		3.63723e-18
71		4.37659e-18
72		5.26625e-18
73		6.33676e-18
74		7.62488e-18
75		9.17484e-18
76		1.10399e-17
77		1.3284e-17
78		1.59844e-17
79		1.92336e-17
80		2.31434e-17
81		2.78479e-17
82		3.35088e-17
83		4.03203e-17
84		4.85165e-17
85		5.83788e-17
86		7.02459e-17
87		8.45253e-17
88		1.01707e-16
89		1.22382e-16
90		1.4726e-16
91		1.77194e-16
92		2.13214e-16
93		2.56555e-16
94		3.08707e-16
95		3.7146e-16
96		4.4697e-16
97		5.37828e-16
98		6.47157e-16
99		7.78709e-16
100		9.37003e-16
101		1.12747e-15
102		1.35666e-15
103		1.63244e-15
104		1.96428e-15
105		2.36357e-15
106		2.84403e-15
107		3.42216e-15
108		4.11781e-15
109		4.95487e-15
110		5.96208e-15
111		7.17403e-15
112		8.63235e-15
113		1.03871e-14
114		1.24986e-14
115		1.50392e-14
116		1.80964e-14
117		2.1775e-14
118		2.62013e-14
119		3.15274e-14
120		3.79363e-14
121		4.56478e-14
122		5.4927e-14
123		6.60924e-14
124		7.95275e-14
125		9.56936e-14
126		1.15146e-13
127		1.38552e-13
128		1.66717e-13
129		2.00607e-13
130		2.41386e-13
131		2.90454e-13
132		3.49496e-13
133		4.20541e-13
134		5.06028e-13
135		6.08891e-13
136		7.32665e-13
137		8.81599e-13
138		1.06081e-12
139		1.27645e-12
140		1.53592e-12
141		1.84814e-12
142		2.22382e-12
143		2.67587e-12
144		3.21982e-12
145		3.87433e-12
146		4.66189e-12
147		5.60955e-12
148		6.74984e-12
149		8.12193e-12
150		9.77294e-12
151		1.17596e-11
152		1.415e-11
153		1.70264e-11
154		2.04874e-11
155		2.46521e-11
156		2.96633e-11
157		3.56932e-11
158		4.29488e-11
159		5.16793e-11
160		6.21845e-11
161		7.48252e-11
162		9.00354e-11
163		1.08338e-10
164		1.3036e-10
165		1.56859e-10
166		1.88745e-10
167		2.27113e-10
168		2.7328e-10
169		3.28831e-10
170		3.95675e-10
171		4.76107e-10
172		5.72889e-10
173		6.89344e-10
174		8.29472e-10
175		9.98084e-10
176		1.20097e-09
177		1.4451e-09
178		1.73886e-09
179		2.09233e-09
180		2.51765e-09
181		3.02943e-09
182		3.64525e-09
183		4.38624e-09
184		5.27787e-09
185		6.35074e-09
186		7.6417e-09
187		9.19508e-09
188		1.10642e-08
189		1.33133e-08
190		1.60196e-08
191		1.92761e-08
192		2.31944e-08
193		2.79093e-08
194		3.35827e-08
195		4.04093e-08
196		4.86236e-08
197		5.85076e-08
198		7.04009e-08
199		8.47118e-08
200		1.01932e-07
201		1.2268e-07
202		1.45329e-07
203		1.70195e-07
204		1.97655e-07
205		2.28128e-07
206		2.62079e-07
207		3.00026e-07
208		3.42547e-07
209		3.9029e-07
210		4.43983e-07
211		5.04445e-07
212		5.72597e-07
213		6.49479e-07
214		7.36262e-07
215		8.3427e-07
216		9.44997e-07
217		1.07013e-06
218		1.21158e-06
219		1.3715e-06
220		1.55233e-06
221		1.75682e-06
222		1.9881e-06
223		2.24969e-06
224		2.54557e-06
225		2.88026e-06
226		3.25887e-06
227		3.68715e-06
228		4.17165e-06
229		4.71975e-06
230		5.3398e-06
231		6.04126e-06
232		6.83482e-06
233		7.73258e-06
234		8.74823e-06
235		9.89725e-06
236		1.11972e-05
237		1.26678e-05
238		1.43315e-05
239		1.62137e-05
240		1.83431e-05
241		2.07522e-05
242		2.34776e-05
243		2.6561e-05
244		3.00493e-05
245		3.39957e-05
246		3.84604e-05
247		4.35114e-05
248		4.92258e-05
249		5.56907e-05
250		6.30046e-05
251		7.1279e-05
252		8.06401e-05
253		9.12305e-05
254		0.000103212
255		0.000116767
256		0.000132102
257		0.000149451
258		0.000169078
259		0.000191283
260		0.000216404
261		0.000244825
262		0.000276978
263		0.000313353
264		0.000354506
265		0.000401063
266		0.000453735
267		0.000513324
268		0.000580739
269		0.000657007
270		0.000743292
271		0.000840909
272		0.000951346
273		0.00107629
274		0.00121763
275		0.00137755
276		0.00155846
277		0.00176313
278		0.00199469
279		0.00225665
280		0.00255301
281		0.0028883
282		0.00326762
283		0.00369676
284		0.00418226
285		0.00473151
286		0.0053529
287		0.0060559
288		0.00685122
289		0.00775099
290		0.00876893
291		0.00992056
292		0.0112234
293		0.0126974
294		0.014365
295		0.0162515
296		0.0183858
297		0.0208004
298		0.0235321
299		0.0266226
300		0.030119
301		0.033721
302		0.0370131
303		0.0402794
304		0.0435176
305		0.0467254
306		0.0499006
307		0.0530411
308		0.0561445
309		0.0592087
310		0.0622317
311		0.0652112
312		0.0681452
313		0.0710317
314		0.0738686
315		0.076654
316		0.0793859
317		0.0820625
318		0.0846818
319		0.087242
320		0.0897413
321		0.092178
322		0.0945504
323		0.0968569
324		0.0990958
325		0.101266
326		0.103365
327		0.105392
328		0.107345
329		0.109224
330		0.111026
331		0.112751
332		0.114397
333		0.115964
334		0.117449
335		0.118853
336		0.120173
337		0.12141
338		0.122562
339		0.123629
340		0.124609
341		0.125503
342		0.126309
343		0.127026
344		0.127656
345		0.128196
346		0.128646
347		0.129007
348		0.129278
349		0.129459
350		0.129549
351		0.129549
352		0.129459
353		0.129278
354		0.129007
355		0.128646
356		0.128196
357		0.127656
358		0.127026
359		0.126309
360		0.125503
361		0.124609
362		0.123629
363		0.122562
364		0.12141
365		0.120173
366		0.118853
367		0.117449
368		0.115964
369		0.114397
370		0.112751
371		0.111026
372		0.109224
373		0.107345
374		0.105392
375		0.103365
376		0.101266
377		0.0990958
378		0.0968569
379		0.0945504
380		0.092178
381		0.0897413
382		0.087242
383		0.0846818
384		0.0820625
385		0.0793859
386		0.076654
387		0.0738686
388		0.0710317
389		0.0681452
390		0.0652112
391		0.0622317
392		0.0592087
393		0.0561445
394		0.0530411
395		0.0499006
396		0.0467254
397		0.0435176
398		0.0402794
399		0.0370131
400		0.033721
401		0.030119
402		0.0266226
403		0.0235321
404		0.0208004
405		0.0183858
406		0.0162515
407		0.014365
408		0.0126974
409		0.0112234
410		0.00992056
411		0.00876893
412		0.00775099
413		0.00685122
414		0.0060559
415		0.0053529
416		0.00473151
417		0.00418226
418		0.00369676
419		0.00326762
420		0.0028883
421		0.00255301
422		0.00225665
423		0.00199469
424		0.00176313
425		0.00155846
426		0.00137755
427		0.00121763
428		0.00107629
429		0.000951346
430		0.000840909
431		0.000743292
432		0.000657007
433		0.000580739
434		0.000513324
435		0.000453735
436		0.000401063
437		0.000354506
438		0.000313353
439		0.000276978
440		0.000244825
441		0.000216404
442		0.000191283
443		0.000169078
444		0.000149451
445		0.000132102
446		0.000116767
447		0.000103212
448		9.12305e-05
449		8.06401e-05
450		7.1279e-05
451		6.30046e-05
452		5.56907e-05
453		4.92258e-05
454		4.35114e-05
455		3.84604e-05
456		3.39957e-05
457		3.00493e-05
458		2.6561e-05
459		2.34776e-05
460		2.07522e-05
461		1.83431e-05
462		1.62137e-05
463		1.43315e-05
464		1.26678e-05
465		1.11972e-05
466		9.89725e-06
467		8.74823e-06
468		7.73258e-06
469		6.83482e-06
470		6.04126e-06
471		5.3398e-06
472		4.71975e-06
473		4.17165e-06
474		3.68715e-06
475		3.25887e-06
476		2.88026e-06
477		2.54557e-06
478		2.24969e-06
479		1.9881e-06
480		1.75682e-06
481		1.55233e-06
482		1.3715e-06
483		1.21158e-06
484		1.07013e-06
485		9.44997e-07
486		8.3427e-07
487		7.36262e-07
488		6.49479e-07
489		5.72597e-07
490		5.04445e-07
491		4.43983e-07
492		3.9029e-07
493		3.42547e-07
494		3.00026e-07
495		2.62079e-07
496		2.28128e-07
497		1.97655e-07
498		1.70195e-07
499		1.45329e-07
500		1.2268e-07
501		1.01932e-07
502		8.47118e-08
503		7.04009e-08
504		5.85076e-08
505		4.86236e-08
506		4.04093e-08
507		3.35827e-08
508		2.79093e-08
509		2.31944e-08
510		1.92761e-08
511		1.60196e-08
512		1.33133e-08
513		1.10642e-08
514		9.19508e-09
515		7.6417e-09
516		6.35074e-09
517		5.27787e-09
518		4.38624e-09
519		3.64525e-09
520		3.02943e-09
521		2.51765e-09
522		2.09233e-09
523		1.73886e-09
524		1.4451e-09
525		1.20097e-09
526		9.98084e-10
527		8.29472e-10
528		6.89344e-10
529		5.72889e-10
530		4.76107e-10
531		3.95675e-10
532		3.28831e-10
533		2.7328e-10
534		2.27113e-10
535		1.88745e-10
536		1.56859e-10
537		1.3036e-10
538		1.08338e-10
539		9.00354e-11
540		7.48252e-11
541		6.21845e-11
542		5.16793e-11
543		4.29488e-11
544		3.56932e-11
545		2.96633e-11
546		2.46521e-11
547		2.04874e-11
548		1.70264e-11
549		1.415e-11
550		1.17596e-11
551		9.77294e-12
552		8.12193e-12
553		6.74984e-12
554		5.60955e-12
555		4.66189e-12
556		3.87433e-12
557		3.21982e-12
558		2.67587e-12
559		2.22382e-12
560		1.84814e-12
561		1.53592e-12
562		1.27645e-12
563		1.06081e-12
564		8.81599e-13
565		7.32665e-13
566		6.08891e-13
567		5.06028e-13
568		4.20541e-13
569		3.49496e-13
570		2.90454e-13
571		2.41386e-13
572		2.00607e-13
573		1.66717e-13
574		1.38552e-13
575		1.15146e-13
576		9.56936e-14
577		7.95275e-14
578		6.60924e-14
579		5.4927e-14
580		4.56478e-14
581		3.79363e-14
582		3.15274e-14
583		2.62013e-14
584		2.1775e-14
585		1.80964e-14
586		1.50392e-14
587		1.24986e-14
588		1.03871e-14
589		8.63235e-15
590		7.17403e-15
591		5.96208e-15
592		4.95487e-15
593		4.11781e-15
594		3.42216e-15
595		2.84403e-15
596		2.36357e-15
597		1.96428e-15
598		1.63244e-15
599		1.35666e-15
600		1.12747e-15
601		9.37003e-16
602		7.78709e-16
603		6.47157e-16
604		5.37828e-16
605		4.4697e-16
606		3.7146e-16
607		3.08707e-16
608		2.56555e-16
609		2.13214e-16
610		1.77194e-16
611		1.4726e-16
612		1.22382e-16
613		1.01707e-16
614		8.45253e-17
615		7.02459e-17
616		5.83788e-17
617		4.85165e-17
618		4.03203e-17
619		3.35088e-17
620		2.78479e-17
621		2.31434e-17
622		1.92336e-17
623		1.59844e-17
624		1.3284e-17
625		1.10399e-17
626		9.17484e-18
627		7.62488e-18
628		6.33676e-18
629		5.26625e-18
630		4.37659e-18
631		3.63723e-18
632		3.02277e-18
633		2.51211e-18
634		2.08772e-18
635		1.73503e-18
636		1.44192e-18
637		1.19833e-18
638		9.95888e-19
639		8.27646e-19
640		6.87827e-19
641		5.71628e-19
642		4.75059e-19
643		3.94804e-19
644		3.28108e-19
645		2.72678e-19
646		2.26613e-19
647		1.8833e-19
648		1.56514e-19
649		1.30073e-19
650		1.08099e-19
651		8.98373e-20
652		7.46605e-20
653		6.20476e-20
654		5.15655e-20
655		4.28542e-20
656		3.56146e-20
657		2.9598e-20
658		2.45978e-20
659		2.04424e-20
660		1.69889e-20
661		1.41189e-20
662		1.17337e-20
663		9.75142e-21
664		8.10405e-21
665		6.73497e-21
666		5.59719e-21
667		4.65161e-21
668		3.86578e-21
669		3.2127e-21
670		2.66994e-21
671		2.21888e-21
672		1.84401e-21
673		1.53247e-21
674		1.27355e-21
675		1.05837e-21
676		8.79537e-22
677		7.30906e-22
678		6.07375e-22
679		5.04701e-22
680		4.1936e-22
681		3.48419e-22
682		2.89444e-22
683		2.40408e-22
684		1.99629e-22
685		1.65704e-22
686		1.37471e-22
687		1.13958e-22
688		9.4358e-23
689		7.79988e-23
690		6.43181e-23
691		5.28462e-23
692		4.3189e-23
693		3.5015e-23
694		2.80434e-23
695		2.20349e-23
696		1.67831e-23
697		1.21076e-23
698		7.8479e-24
699		3.85771e-24
